0 1 1292.802 1030.629
0 2 1295.125 1032.757
0 3 1277.91 1072.348
0 4 1298.941 1037.322
0 5 1267.451 1047.078
0 6 1253.322 1015.243
0 7 1242.387 1096.596
0 8 1298.993 1034.258
0 9 1297.217 1034.028
0 10 1293.229 1033.246
0 11 1241.295 1063.646
0 12 1295.022 1034.275
1 1 1293.612 1031.138
1 2 1296.187 1033.665
1 3 1277.907 1072.343
1 4 1299.942 1037.793
1 5 1265.609 1047.998
1 6 1253.526 1016.713
1 7 1243.669 1095.741
1 8 1300.09 1035.239
1 9 1298.531 1034.958
1 10 1294.418 1033.899
1 11 1242.576 1062.732
1 12 1296.192 1035.138
2 1 1294.017 1031.392
2 2 1296.747 1033.991
2 3 1277.905 1072.341
2 4 1300.443 1038.029
2 5 1265.106 1048.315
2 6 1253.637 1017.522
2 7 1244.311 1095.314
2 8 1300.639 1035.729
2 9 1299.301 1035.504
2 10 1294.999 1034.251
2 11 1243.155 1062.101
2 12 1296.716 1035.542
3 1 1294.421 1031.646
3 2 1297.316 1034.301
3 3 1277.904 1072.339
3 4 1300.973 1038.132
3 5 1264.361 1048.846
3 6 1253.729 1018.184
3 7 1244.952 1094.887
3 8 1301.188 1036.22
3 9 1299.821 1035.786
3 10 1295.57 1034.618
3 11 1243.79 1061.546
3 12 1297.239 1035.946
4 1 1294.826 1031.9
4 2 1298.023 1034.652
4 3 1277.902 1072.336
4 4 1301.487 1038.297
4 5 1263.616 1049.377
4 6 1253.83 1018.92
4 7 1245.593 1094.46
4 8 1301.752 1036.576
4 9 1300.54 1036.277
4 10 1296.13 1035.001
4 11 1244.387 1061.018
4 12 1297.762 1036.35
5 1 1295.231 1032.154
5 2 1298.55 1034.966
5 3 1277.9 1072.334
5 4 1301.979 1038.52
5 5 1263.004 1049.838
5 6 1254.077 1019.492
5 7 1246.235 1094.032
5 8 1302.313 1036.929
5 9 1300.993 1036.555
5 10 1296.744 1035.285
5 11 1244.935 1060.528
5 12 1298.285 1036.754
6 1 1295.636 1032.408
6 2 1299.077 1035.28
6 3 1277.899 1072.332
6 4 1302.511 1038.821
6 5 1262.393 1050.3
6 6 1254.323 1020.063
6 7 1246.847 1093.587
6 8 1302.991 1037.376
6 9 1301.544 1036.918
6 10 1297.358 1035.569
6 11 1245.49 1060.362
6 12 1298.868 1037.053
7 1 1296.248 1032.843
7 2 1299.604 1035.594
7 3 1277.897 1072.329
7 4 1302.948 1039.105
7 5 1261.782 1050.762
7 6 1254.569 1020.634
7 7 1247.46 1093.141
7 8 1303.41 1037.803
7 9 1302.169 1037.179
7 10 1297.972 1035.853
7 11 1246.073 1059.993
7 12 1299.451 1037.353
8 1 1296.861 1033.277
8 2 1300.131 1035.908
8 3 1277.895 1072.327
8 4 1303.379 1039.4
8 5 1261.17 1051.224
8 6 1254.816 1021.206
8 7 1248.072 1092.696
8 8 1303.825 1038.129
8 9 1302.938 1037.587
8 10 1298.586 1036.138
8 11 1246.655 1059.623
8 12 1300.033 1037.652
9 1 1297.474 1033.711
9 2 1300.747 1036.155
9 3 1277.894 1072.325
9 4 1303.789 1039.79
9 5 1260.558 1051.685
9 6 1255.063 1022.025
9 7 1248.686 1092.249
9 8 1304.532 1038.69
9 9 1303.379 1038.073
9 10 1299.201 1036.422
9 11 1247.218 1059.2
9 12 1300.617 1037.952
10 1 1298.087 1034.146
10 2 1301.363 1036.401
10 3 1277.892 1072.322
10 4 1304.2 1040.179
10 5 1259.947 1052.147
10 6 1255.312 1023.164
10 7 1249.298 1091.804
10 8 1305.123 1039.15
10 9 1303.82 1038.558
10 10 1299.78 1036.693
10 11 1247.78 1058.777
10 12 1301.2 1038.251
11 1 1298.648 1034.511
11 2 1301.978 1036.647
11 3 1277.89 1072.32
11 4 1304.61 1040.568
11 5 1259.335 1052.609
11 6 1255.523 1024.1
11 7 1249.911 1091.358
11 8 1305.747 1039.343
11 9 1304.564 1039.072
11 10 1300.36 1036.965
11 11 1248.341 1058.404
11 12 1301.782 1038.568
12 1 1299.209 1034.877
12 2 1302.594 1036.893
12 3 1277.889 1072.318
12 4 1305.004 1040.997
12 5 1258.724 1053.071
12 6 1255.318 1024.69
12 7 1250.524 1090.912
12 8 1306.34 1039.909
12 9 1305.125 1039.604
12 10 1300.914 1037.383
12 11 1248.903 1058.032
12 12 1302.364 1038.885
13 1 1299.77 1035.242
13 2 1303.21 1037.14
13 3 1277.887 1072.315
13 4 1305.331 1041.286
13 5 1258.235 1053.44
13 7 1251.137 1090.466
13 8 1306.894 1040.438
13 9 1305.685 1040.135
13 10 1301.467 1037.801
13 11 1249.464 1057.659
13 12 1302.946 1039.201
14 1 1300.241 1035.575
14 2 1303.636 1037.423
14 3 1277.885 1072.314
14 4 1305.654 1041.634
14 5 1257.593 1053.867
14 7 1251.627 1090.11
14 8 1307.336 1040.862
14 9 1306.133 1040.561
14 10 1301.909 1038.136
14 11 1249.913 1057.361
14 12 1303.303 1039.492
15 1 1300.823 1035.999
15 2 1304.162 1037.787
15 3 1277.884 1072.311
15 4 1306.027 1041.922
15 5 1257.032 1054.386
15 7 1252.264 1089.603
15 8 1307.89 1041.391
15 9 1306.7 1041.142
15 10 1302.462 1038.554
15 11 1250.474 1056.989
15 12 1303.749 1039.855
16 1 1301.393 1036.439
16 2 1304.68 1038.163
16 3 1277.882 1072.309
16 4 1306.459 1042.351
16 5 1256.345 1054.744
16 7 1252.868 1089.218
16 8 1308.549 1041.916
16 9 1307.267 1041.723
16 10 1303.015 1038.972
16 11 1251.19 1056.537
16 12 1304.195 1040.218
17 1 1301.964 1036.88
17 2 1305.186 1038.556
17 3 1277.88 1072.307
17 4 1306.903 1042.768
17 5 1255.744 1055.236
17 7 1253.453 1088.759
17 8 1309.022 1042.422
17 9 1307.868 1042.304
17 10 1303.584 1039.322
17 11 1251.828 1055.94
17 12 1304.607 1040.622
18 1 1302.534 1037.321
18 2 1305.691 1038.948
18 3 1277.879 1072.304
18 4 1307.247 1043.084
18 5 1255.1 1055.661
18 7 1254.038 1088.3
18 8 1309.495 1042.929
18 9 1308.517 1042.901
18 10 1304.153 1039.672
18 11 1252.465 1055.343
18 12 1305.019 1041.024
19 1 1303.118 1037.841
19 2 1306.121 1039.385
19 3 1277.877 1072.302
19 4 1307.731 1043.474
19 5 1254.458 1056.086
19 7 1254.695 1087.897
19 8 1309.913 1043.384
19 9 1309.036 1043.437
19 10 1304.662 1040.082
19 11 1253.131 1054.818
19 12 1305.515 1041.496
20 1 1303.702 1038.36
20 2 1306.524 1039.795
20 3 1277.875 1072.3
20 4 1308.105 1043.863
20 5 1253.813 1056.512
20 7 1255.307 1087.458
20 8 1310.364 1043.803
20 9 1309.746 1044.096
20 10 1305.17 1040.492
20 11 1253.796 1054.293
20 12 1306.011 1041.967
21 1 1304.286 1038.88
21 2 1306.928 1040.207
21 3 1277.874 1072.297
21 4 1308.55 1044.237
21 5 1253.17 1056.937
21 7 1255.845 1087.073
21 8 1310.816 1044.222
21 9 1310.26 1044.654
21 10 1305.621 1040.893
21 11 1254.342 1053.905
21 12 1306.444 1042.385
22 1 1304.87 1039.4
22 2 1307.332 1040.617
22 3 1277.872 1072.295
22 4 1308.906 1044.563
22 5 1252.526 1057.362
22 7 1256.296 1086.726
22 8 1311.268 1044.641
22 9 1310.774 1045.211
22 10 1306.071 1041.295
22 11 1254.883 1053.512
22 12 1306.877 1042.802
23 1 1305.454 1039.92
23 2 1307.735 1041.028
23 3 1277.87 1072.293
23 4 1309.363 1044.876
23 5 1251.967 1057.767
23 7 1256.734 1086.362
23 8 1311.775 1045.11
23 9 1311.287 1045.769
23 10 1306.666 1041.752
23 11 1255.475 1053.085
23 12 1307.309 1043.22
24 1 1305.861 1040.444
24 2 1308.096 1041.419
24 3 1277.869 1072.291
24 4 1309.728 1045.194
24 5 1251.312 1058.25
24 7 1257.187 1085.955
24 8 1312.231 1045.533
24 9 1311.75 1046.271
24 10 1307.125 1042.066
24 11 1256.009 1052.7
24 12 1307.778 1043.69
25 1 1306.312 1041.027
25 2 1308.497 1041.852
25 3 1277.867 1072.288
25 4 1310.136 1045.585
25 5 1250.656 1058.733
25 7 1257.69 1085.503
25 8 1312.738 1046.002
25 9 1312.263 1046.829
25 10 1307.635 1042.414
25 11 1256.601 1052.273
25 12 1308.298 1044.212
26 1 1306.763 1041.609
26 2 1308.898 1042.285
26 3 1277.865 1072.286
26 4 1310.554 1045.966
26 5 1250.001 1059.216
26 7 1258.332 1085.091
26 8 1313.244 1046.472
26 9 1312.682 1047.268
26 10 1308.227 1042.91
26 11 1257.194 1051.846
26 12 1308.69 1044.625
27 1 1307.322 1042.274
27 2 1309.299 1042.718
27 3 1277.864 1072.284
27 4 1310.967 1046.337
27 5 1249.533 1059.534
27 7 1258.975 1084.679
27 8 1313.751 1046.941
27 9 1313.283 1047.786
27 10 1308.819 1043.405
27 11 1257.791 1051.426
27 12 1309.083 1045.038
28 1 1307.843 1042.972
28 2 1309.7 1043.152
28 3 1277.862 1072.281
28 4 1311.391 1046.698
28 5 1249.115 1059.993
28 7 1259.691 1084.199
28 8 1314.153 1047.315
28 9 1313.885 1048.305
28 10 1309.137 1043.945
28 11 1258.535 1051.071
28 12 1309.287 1045.29
29 1 1308.369 1043.771
29 2 1310.03 1043.691
29 3 1277.86 1072.279
29 4 1311.867 1047.081
29 5 1248.598 1060.17
29 7 1260.479 1083.671
29 8 1314.596 1047.725
29 9 1314.559 1048.877
29 10 1309.487 1044.539
29 11 1259.164 1050.607
29 12 1309.571 1045.581
30 1 1308.686 1044.332
30 2 1310.28 1044.143
30 3 1277.859 1072.277
30 4 1312.265 1047.385
30 5 1247.523 1061.003
30 7 1261.123 1083.239
30 8 1314.962 1048.167
30 9 1314.985 1049.241
30 10 1309.816 1044.893
30 11 1259.678 1050.228
30 12 1310.103 1046.077
31 1 1309.132 1045.03
31 2 1310.666 1044.526
31 3 1277.857 1072.274
31 4 1312.715 1047.711
31 5 1246.887 1061.434
31 7 1261.84 1082.759
31 8 1315.496 1048.52
31 9 1315.479 1049.621
31 10 1310.181 1045.287
31 11 1260.25 1049.807
31 12 1310.704 1046.235
32 1 1309.5 1045.737
32 2 1311.053 1044.909
32 3 1277.855 1072.272
32 4 1313.174 1048.025
32 5 1246.277 1062.016
32 7 1262.286 1082.356
32 8 1316.03 1048.873
32 9 1316.11 1049.679
32 10 1310.546 1045.681
32 11 1260.83 1049.421
32 12 1311.055 1046.588
33 1 1309.868 1046.443
33 2 1311.466 1045.234
33 3 1277.854 1072.27
33 4 1313.64 1048.327
33 5 1245.575 1062.404
33 7 1262.696 1081.952
33 8 1316.797 1049.137
33 9 1316.843 1049.959
33 10 1311.009 1046.108
33 11 1261.409 1049.035
33 12 1311.559 1047.031
34 1 1310.225 1047.13
34 2 1311.859 1045.641
34 3 1277.852 1072.267
34 4 1314.115 1048.617
34 5 1244.899 1062.888
34 7 1263.184 1081.606
34 8 1317.566 1049.401
34 9 1317.54 1050.141
34 10 1311.473 1046.536
34 11 1261.989 1048.648
34 12 1312.063 1047.474
35 1 1310.582 1047.818
35 2 1312.253 1046.048
35 3 1277.85 1072.265
35 4 1314.592 1048.774
35 5 1244.223 1063.371
35 7 1263.717 1081.217
35 8 1318.137 1049.479
35 9 1318.235 1050.297
35 10 1311.938 1046.965
35 11 1262.569 1048.262
35 12 1312.568 1047.917
36 1 1310.948 1048.223
36 2 1312.646 1046.454
36 3 1277.849 1072.263
36 4 1315.056 1048.865
36 5 1243.547 1063.854
36 7 1264.33 1080.818
36 8 1318.734 1049.703
36 9 1319.068 1050.787
36 10 1312.353 1047.339
36 11 1263.119 1047.837
36 12 1313.072 1048.36
37 1 1311.189 1048.71
37 2 1313.039 1046.861
37 3 1277.847 1072.261
37 4 1315.6 1049.013
37 5 1242.802 1064.379
37 7 1264.943 1080.419
37 8 1319.336 1049.911
37 9 1319.717 1051.092
37 10 1312.769 1047.713
37 11 1263.673 1047.417
37 12 1313.576 1048.803
38 1 1311.525 1049.205
38 2 1313.471 1047.309
38 3 1277.845 1072.258
38 4 1316.13 1049.136
38 5 1242.125 1064.856
38 7 1265.618 1079.98
38 8 1320.0 1050.14
38 9 1320.458 1051.437
38 10 1313.226 1048.125
38 11 1264.282 1046.954
38 12 1314.131 1049.29
39 1 1311.888 1049.61
39 2 1313.864 1047.715
39 3 1277.843 1072.256
39 4 1316.753 1049.224
39 7 1266.23 1079.581
39 8 1320.602 1050.349
39 9 1321.029 1051.813
39 10 1313.566 1048.282
39 11 1264.836 1046.534
39 12 1314.566 1049.527
