0 1 637.141 1636.252
0 2 612.719 1632.142
0 3 637.416 1643.151
0 4 619.03 1648.941
0 5 635.378 1674.253
0 6 613.071 1603.715
0 7 699.411 1583.18
0 8 622.35 1624.018
0 9 627.271 1619.557
0 10 640.792 1643.716
0 11 598.103 1642.075
0 12 651.934 1624.096
0 13 622.249 1646.081
0 14 636.149 1651.355
0 15 619.603 1624.655
0 16 640.071 1644.045
0 17 646.933 1641.072
0 18 668.628 1610.166
0 19 627.008 1617.877
0 20 601.908 1627.13
0 21 638.38 1644.304
0 22 640.863 1643.013
0 23 602.152 1626.301
0 24 631.815 1636.973
0 25 673.565 1604.934
0 26 648.721 1650.064
0 27 632.476 1650.022
0 28 668.425 1609.517
0 29 650.737 1625.23
0 30 625.166 1621.071
0 31 628.289 1618.572
0 32 582.275 1668.561
0 33 687.955 1592.435
0 34 597.73 1641.374
0 35 636.797 1680.132
0 36 626.734 1617.04
0 37 633.608 1650.415
0 38 639.585 1606.675
0 39 648.051 1577.772
0 40 654.306 1593.839
0 41 631.807 1644.622
0 42 632.06 1650.273
0 43 699.137 1582.364
0 44 637.791 1636.674
0 45 621.807 1622.951
0 46 655.912 1592.667
1 1 636.313 1636.905
1 2 611.613 1633.13
1 3 637.571 1642.89
1 4 617.83 1649.605
1 5 636.164 1675.552
1 6 614.057 1603.906
1 7 700.542 1582.053
1 8 620.967 1625.056
1 9 626.747 1620.187
1 10 640.921 1643.743
1 11 599.384 1641.583
1 12 652.686 1623.474
1 13 621.109 1646.715
1 14 636.07 1651.372
1 15 620.828 1623.798
1 16 640.238 1643.766
1 17 646.123 1641.143
1 18 667.326 1611.023
1 19 626.7 1618.657
1 20 602.462 1628.138
1 21 639.028 1644.741
1 22 640.87 1642.984
1 23 602.81 1627.348
1 24 631.313 1636.901
1 25 672.943 1605.443
1 26 649.169 1649.571
1 27 632.465 1649.981
1 28 667.683 1610.193
1 29 651.844 1624.758
1 30 624.328 1621.884
1 31 627.783 1619.317
1 32 580.895 1669.183
1 33 688.877 1591.663
1 34 598.936 1640.717
1 35 637.237 1681.177
1 36 626.871 1617.924
1 37 633.55 1650.343
1 38 640.626 1605.815
1 39 647.087 1577.983
1 40 655.544 1592.867
1 41 631.901 1644.765
1 42 632.002 1650.201
1 43 700.225 1581.368
1 44 636.972 1637.46
1 45 622.773 1621.939
1 46 655.34 1593.667
2 1 635.894 1637.231
2 2 611.127 1633.567
2 3 637.5 1642.889
2 4 617.17 1649.888
2 5 636.289 1675.803
2 6 614.644 1604.056
2 7 701.086 1581.467
2 8 620.312 1625.598
2 9 626.52 1620.528
2 10 640.914 1643.81
2 11 600.026 1641.338
2 12 653.181 1623.053
2 13 620.64 1647.021
2 14 636.106 1651.326
2 15 621.449 1623.383
2 16 640.307 1643.619
2 17 645.739 1640.937
2 18 666.669 1611.451
2 19 626.531 1619.051
2 21 639.302 1644.98
2 22 640.876 1642.955
2 23 603.129 1627.877
2 24 631.183 1636.842
2 25 672.7 1605.675
2 26 649.491 1649.47
2 27 632.469 1649.962
2 28 667.304 1610.512
2 29 652.374 1624.474
2 30 624.034 1622.205
2 31 627.525 1619.686
2 32 580.276 1669.612
2 33 689.329 1591.279
2 34 599.529 1640.393
2 35 637.938 1681.978
2 36 626.876 1618.522
2 37 633.5 1650.281
2 38 641.147 1605.384
2 39 646.794 1578.052
2 40 656.181 1592.404
2 41 631.889 1644.785
2 42 631.808 1650.449
2 43 700.769 1580.87
2 44 636.57 1637.856
2 45 623.24 1621.439
2 46 654.899 1594.227
3 1 635.464 1637.566
3 2 610.641 1634.005
3 3 637.595 1642.823
3 4 616.502 1650.154
3 5 636.56 1676.491
3 6 615.325 1604.205
3 7 701.672 1580.928
3 8 619.707 1626.111
3 9 626.243 1620.819
3 10 640.93 1643.818
3 11 600.659 1641.071
3 12 653.687 1622.622
3 13 620.224 1647.396
3 14 636.141 1651.279
3 15 622.043 1622.931
3 16 640.378 1643.649
3 18 666.013 1611.878
3 19 626.332 1619.431
3 22 640.89 1642.967
3 24 631.237 1636.904
3 25 672.456 1605.934
3 26 649.829 1649.485
3 27 632.434 1649.89
3 28 666.965 1610.833
3 29 652.853 1624.146
3 30 623.74 1622.525
3 31 627.252 1620.044
3 33 689.776 1590.901
3 34 600.08 1640.064
3 36 626.614 1618.936
3 37 633.451 1650.219
3 38 641.67 1604.952
3 39 646.453 1578.132
3 40 656.818 1591.942
3 41 631.871 1644.836
3 43 701.313 1580.371
3 44 636.158 1638.241
3 45 623.71 1620.935
3 46 654.442 1594.775
4 1 635.034 1637.901
4 2 610.117 1634.417
4 3 637.702 1642.814
4 4 615.839 1650.429
4 5 636.972 1677.359
4 7 702.212 1580.432
4 8 619.24 1626.658
4 9 625.966 1621.11
4 10 640.943 1643.784
4 11 601.193 1640.798
4 12 654.199 1622.179
4 13 619.748 1647.859
4 15 622.569 1622.414
4 16 640.376 1643.626
4 18 665.347 1612.306
4 19 626.034 1619.837
4 22 640.904 1642.979
4 24 630.954 1636.672
4 25 672.132 1606.255
4 26 649.829 1649.485
4 27 632.248 1649.948
4 28 666.49 1611.171
4 29 653.311 1623.789
4 30 623.455 1622.853
4 31 627.021 1620.376
4 33 690.285 1590.45
4 34 600.632 1639.734
4 36 626.419 1619.383
4 38 642.194 1604.519
4 39 645.976 1578.244
4 40 657.449 1591.471
4 41 631.963 1644.775
4 43 701.857 1579.873
4 44 635.756 1638.659
4 45 624.186 1620.417
4 46 653.97 1595.309
5 1 634.64 1638.235
5 2 609.593 1634.829
5 3 637.79 1642.806
5 4 615.175 1650.703
5 7 702.751 1579.936
5 8 618.668 1627.158
5 9 625.673 1621.386
5 10 641.057 1643.768
5 11 601.676 1640.427
5 12 654.693 1621.708
5 13 619.314 1648.361
5 15 623.096 1621.898
5 16 640.373 1643.602
5 18 664.681 1612.733
5 19 625.691 1620.234
5 22 640.914 1642.965
5 24 630.837 1636.638
5 25 671.911 1606.446
5 26 649.829 1649.485
5 28 666.014 1611.51
5 29 653.763 1623.377
5 30 623.161 1623.172
5 31 626.79 1620.707
5 33 690.918 1589.977
5 34 601.187 1639.412
5 36 626.181 1619.809
5 38 642.718 1604.081
5 39 645.482 1578.375
5 40 658.079 1590.999
5 41 632.029 1644.732
5 43 702.401 1579.375
5 44 635.294 1639.016
5 45 624.661 1619.898
5 46 653.496 1595.774
6 1 634.245 1638.568
6 2 609.068 1635.242
6 3 637.975 1642.775
6 4 614.576 1651.028
6 7 703.29 1579.439
6 8 618.042 1627.585
6 9 625.381 1621.662
6 10 641.171 1643.753
6 11 602.16 1640.012
6 12 655.187 1621.237
6 13 618.967 1648.769
6 15 623.625 1621.329
6 16 640.37 1643.619
6 18 663.992 1613.122
6 19 625.463 1620.482
6 22 640.894 1643.026
6 24 630.723 1636.597
6 25 671.533 1606.774
6 28 665.187 1612.004
6 29 654.221 1622.961
6 30 622.857 1623.482
6 31 626.559 1621.038
6 33 691.313 1589.59
6 34 601.73 1639.07
6 36 625.925 1620.064
6 38 643.242 1603.642
6 40 658.709 1590.528
6 41 632.064 1644.708
6 43 702.946 1578.876
6 44 634.832 1639.374
6 45 625.227 1619.407
6 46 653.006 1596.221
7 1 633.85 1638.901
7 2 608.474 1635.709
7 3 638.12 1642.755
7 4 613.991 1651.379
7 7 703.83 1578.943
7 8 617.288 1628.076
7 9 625.089 1621.939
7 10 641.285 1643.738
7 11 602.602 1639.552
7 12 655.682 1620.766
7 13 618.472 1649.203
7 15 624.173 1620.779
7 16 640.417 1643.6
7 18 663.321 1613.541
7 19 625.346 1620.602
7 22 640.883 1643.088
7 24 630.611 1636.55
7 25 671.154 1607.102
7 28 664.361 1612.498
7 29 654.704 1622.521
7 30 622.571 1623.758
7 31 626.241 1621.322
7 33 691.766 1589.152
7 34 602.245 1638.683
7 36 625.668 1620.319
7 38 643.76 1603.209
7 40 659.34 1590.057
7 41 632.023 1644.646
7 43 703.49 1578.378
7 44 634.36 1639.719
7 45 625.818 1618.947
7 46 652.493 1596.652
8 1 633.403 1639.276
8 2 607.88 1636.176
8 4 613.412 1651.711
8 7 704.369 1578.447
8 8 616.668 1628.638
8 9 624.797 1622.215
8 10 641.358 1643.658
8 11 603.042 1639.076
8 12 656.172 1620.277
8 13 617.921 1649.564
8 15 624.74 1620.249
8 16 640.463 1643.576
8 18 662.676 1613.992
8 19 625.051 1620.829
8 22 640.864 1643.103
8 24 630.652 1636.556
8 28 663.728 1612.948
8 29 655.188 1622.081
8 30 622.565 1623.763
8 31 625.91 1621.591
8 33 692.219 1588.714
8 34 602.76 1638.295
8 36 625.411 1620.574
8 38 644.278 1602.776
8 40 659.97 1589.586
8 41 631.982 1644.584
8 43 704.034 1577.88
8 44 633.888 1640.063
8 45 626.435 1618.523
8 46 651.981 1597.082
9 1 632.956 1639.65
9 2 607.286 1636.643
9 4 612.82 1652.017
9 7 704.909 1577.951
9 8 616.086 1629.097
9 9 624.532 1622.516
9 10 641.499 1643.495
9 11 603.448 1638.654
9 12 656.482 1619.87
9 13 617.445 1649.893
9 15 625.417 1619.739
9 16 640.469 1643.578
9 18 662.032 1614.443
9 19 624.756 1621.057
9 22 640.86 1643.106
9 24 630.693 1636.563
9 28 663.096 1613.397
9 29 655.662 1621.657
9 30 622.341 1623.963
9 31 625.567 1621.844
9 33 692.698 1588.305
9 34 603.275 1637.908
9 36 625.154 1620.829
9 38 644.793 1602.346
9 40 660.599 1589.111
9 41 632.006 1644.619
9 43 704.578 1577.382
9 44 633.471 1640.372
9 45 627.062 1618.116
9 46 651.367 1597.577
10 1 632.491 1639.947
10 2 606.786 1637.011
10 4 612.218 1652.298
10 7 705.448 1577.454
10 8 615.595 1629.524
10 9 624.275 1622.824
10 10 641.377 1643.557
10 11 603.926 1638.339
10 12 656.762 1619.442
10 13 616.97 1650.222
10 15 626.094 1619.229
10 16 640.507 1643.568
10 18 661.401 1614.914
10 19 624.461 1621.285
10 22 640.823 1643.06
10 24 630.733 1636.569
10 28 662.46 1613.841
10 29 656.124 1621.22
10 30 622.129 1624.177
10 31 625.24 1622.117
10 33 693.184 1587.785
10 34 603.787 1637.534
10 36 625.055 1620.936
10 38 645.308 1601.915
10 40 661.273 1588.544
10 41 632.032 1644.602
10 43 705.122 1576.883
10 44 633.053 1640.68
10 45 627.683 1617.697
10 46 650.751 1598.083
11 1 632.026 1640.243
11 2 606.276 1637.363
11 4 611.601 1652.578
11 7 705.988 1576.958
11 8 615.041 1629.985
11 9 624.028 1623.14
11 11 604.534 1637.847
11 12 657.004 1619.062
11 13 616.447 1650.504
11 15 626.708 1618.796
11 16 640.507 1643.568
11 18 660.742 1615.345
11 19 624.165 1621.512
11 22 640.844 1643.058
11 24 630.751 1636.537
11 28 661.824 1614.285
11 29 656.57 1620.721
11 30 621.929 1624.401
11 31 624.835 1622.435
11 33 693.67 1587.265
11 34 604.338 1637.222
11 36 624.771 1621.216
11 38 645.82 1601.487
11 40 661.948 1587.978
11 41 632.059 1644.584
11 43 705.666 1576.385
11 44 632.636 1640.988
11 45 628.303 1617.279
11 46 650.136 1598.589
12 1 631.611 1640.546
12 2 605.756 1637.701
12 4 610.991 1652.856
12 7 706.527 1576.462
12 8 614.445 1630.479
12 9 623.783 1623.458
12 11 605.173 1637.396
12 12 657.245 1618.681
12 13 615.936 1650.78
12 15 627.347 1618.401
12 16 640.42 1643.551
12 18 660.171 1615.719
12 19 623.861 1621.73
12 22 640.853 1643.059
12 24 630.767 1636.503
12 28 661.176 1614.716
12 29 656.965 1620.181
12 30 621.742 1624.637
12 31 624.482 1622.736
12 33 694.155 1586.745
12 34 604.889 1636.911
12 36 624.488 1621.496
12 38 646.332 1601.059
12 40 662.464 1587.505
12 41 632.059 1644.584
12 43 706.21 1575.887
12 44 632.199 1641.282
12 45 628.89 1616.932
12 46 649.517 1599.089
13 1 631.196 1640.849
13 2 605.212 1638.044
13 4 610.397 1653.127
13 7 707.066 1575.966
13 8 613.862 1630.985
13 9 623.553 1623.786
13 11 605.55 1637.092
13 12 657.486 1618.299
13 13 615.572 1650.977
13 15 627.981 1617.994
13 16 640.399 1643.546
13 18 659.623 1616.126
13 19 623.564 1621.958
13 22 640.873 1643.073
13 24 630.605 1636.343
13 28 660.528 1615.146
13 29 657.243 1619.733
13 30 621.721 1624.829
13 31 624.174 1623.082
13 33 694.641 1586.225
13 34 605.404 1636.542
13 36 624.172 1621.784
13 38 646.844 1600.631
13 40 662.978 1587.029
13 41 632.059 1644.584
13 43 706.754 1575.389
13 44 631.763 1641.575
13 45 629.459 1616.556
13 46 648.911 1599.606
14 1 630.743 1641.102
14 2 604.669 1638.388
14 4 609.802 1653.398
14 7 707.606 1575.469
14 8 613.301 1631.473
14 9 623.317 1624.109
14 11 605.965 1636.845
14 12 657.708 1617.828
14 13 615.208 1651.174
14 15 628.596 1617.557
14 16 640.381 1643.529
14 18 659.019 1616.549
14 19 623.276 1622.197
14 22 640.873 1643.073
14 24 630.299 1635.911
14 28 659.908 1615.625
14 29 657.497 1619.271
14 30 621.643 1625.289
14 31 623.861 1623.496
14 33 695.127 1585.705
14 34 605.902 1636.152
14 36 623.867 1622.083
14 38 647.334 1600.194
14 40 663.496 1586.557
14 41 632.062 1644.557
14 43 707.298 1574.89
14 44 631.231 1641.887
14 45 629.882 1616.16
14 46 648.372 1600.129
15 1 630.237 1641.412
15 2 604.04 1638.813
15 7 708.145 1574.973
15 8 612.771 1632.012
15 9 623.102 1624.446
15 11 606.392 1636.617
15 12 657.93 1617.356
15 13 614.844 1651.371
15 15 629.189 1617.092
15 16 640.381 1643.529
15 18 658.416 1616.972
15 19 622.981 1622.412
15 22 640.873 1643.073
15 24 629.994 1635.479
15 28 659.288 1616.104
15 29 657.696 1618.818
15 30 621.777 1625.736
15 31 623.559 1623.918
15 33 695.485 1585.398
15 34 606.328 1635.835
15 36 623.579 1622.391
15 38 647.823 1599.757
15 40 664.014 1586.085
15 41 632.066 1644.53
15 43 707.842 1574.392
15 44 630.699 1642.199
15 45 630.295 1615.753
15 46 647.847 1600.665
16 1 629.73 1641.722
16 2 603.411 1639.237
16 7 708.685 1574.477
16 8 612.249 1632.522
16 9 622.909 1624.797
16 11 606.814 1636.38
16 12 658.207 1616.742
16 13 614.463 1651.578
16 15 629.748 1616.68
16 16 640.343 1643.52
16 18 657.817 1617.401
16 19 622.717 1622.665
16 22 640.873 1643.073
16 24 629.58 1634.891
16 28 658.673 1616.589
16 29 657.907 1618.37
16 30 622.026 1626.245
16 31 623.374 1624.314
16 34 606.753 1635.518
16 36 623.3 1622.706
16 38 648.313 1599.32
16 40 664.674 1585.562
16 41 632.107 1644.503
16 43 708.386 1573.894
16 44 630.15 1642.523
16 45 630.732 1615.258
16 46 647.331 1601.211
17 1 629.191 1642.065
17 2 602.782 1639.662
17 7 709.224 1573.981
17 8 611.584 1633.125
17 9 622.832 1625.198
17 11 607.354 1635.942
17 12 658.547 1616.16
17 13 613.965 1651.847
17 15 630.308 1616.268
17 19 622.49 1622.952
17 22 640.873 1643.073
17 24 629.167 1634.302
17 29 658.119 1617.896
17 30 622.325 1626.727
17 31 623.305 1624.747
17 34 607.173 1635.195
17 36 623.023 1623.022
17 38 648.772 1598.948
17 40 665.334 1585.038
17 41 632.107 1644.503
17 43 708.93 1573.396
17 44 629.6 1642.846
17 45 631.169 1614.763
17 46 646.815 1601.757
18 1 628.652 1642.408
18 2 602.153 1640.086
18 7 709.764 1573.484
18 8 610.933 1633.726
18 9 622.815 1625.607
18 11 607.892 1635.501
18 12 658.965 1615.618
18 13 613.616 1652.038
18 15 630.891 1615.836
18 19 622.293 1623.259
18 22 640.873 1643.073
18 24 628.799 1633.779
18 29 658.359 1617.436
18 30 622.669 1627.177
18 31 623.389 1625.28
18 34 607.623 1634.886
18 36 622.716 1623.374
18 38 649.231 1598.576
18 40 665.993 1584.573
18 41 632.085 1644.534
18 43 709.449 1572.951
18 44 629.062 1643.185
18 45 631.626 1614.236
18 46 646.302 1602.306
19 1 628.152 1642.766
19 2 601.474 1640.44
19 8 610.272 1634.33
19 9 622.948 1626.232
19 11 608.433 1635.065
19 12 659.41 1615.098
19 13 613.268 1652.229
19 15 631.474 1615.404
19 19 622.119 1623.806
19 24 628.432 1633.255
19 29 658.722 1616.843
19 30 623.006 1627.705
19 31 623.596 1625.777
19 34 608.132 1634.484
19 36 622.457 1623.761
19 38 649.774 1598.155
19 40 666.641 1584.091
19 41 632.034 1644.534
19 44 628.54 1643.547
19 45 632.097 1613.722
19 46 645.788 1602.855
20 1 627.658 1643.138
20 2 600.796 1640.793
20 8 609.615 1634.933
20 9 623.305 1626.761
20 11 608.974 1634.628
20 12 659.883 1614.682
20 13 612.919 1652.42
20 15 632.08 1614.874
20 19 622.003 1624.368
20 24 628.048 1632.663
20 29 659.126 1616.277
20 30 623.356 1628.223
20 31 623.915 1626.212
20 34 608.647 1634.088
20 36 622.249 1624.179
20 38 650.329 1597.75
20 40 667.247 1583.563
20 41 631.971 1644.618
20 44 628.042 1643.905
20 45 632.554 1613.227
20 46 645.275 1603.404
21 1 627.154 1643.497
21 2 600.117 1641.146
21 8 609.054 1635.39
21 9 623.762 1627.203
21 11 609.493 1634.28
21 12 660.356 1614.266
21 15 632.673 1614.328
21 19 621.946 1624.94
21 24 627.685 1632.059
21 29 659.519 1615.807
21 30 623.715 1628.743
21 31 624.283 1626.705
21 34 609.172 1633.707
21 36 622.183 1624.792
21 38 650.896 1597.361
21 40 667.854 1583.034
21 41 631.975 1644.649
21 44 627.543 1644.263
21 45 633.011 1612.732
21 46 644.766 1603.953
22 1 626.628 1643.892
22 2 599.438 1641.5
22 8 608.42 1635.883
22 9 624.241 1627.619
22 11 610.003 1633.919
22 12 660.91 1613.82
22 15 633.257 1613.774
22 19 621.922 1625.505
22 24 627.356 1631.499
22 29 659.958 1615.381
22 30 624.083 1629.229
22 31 624.65 1627.197
22 34 609.697 1633.326
22 36 622.236 1625.407
22 38 651.454 1596.96
22 40 668.379 1582.577
22 41 631.997 1644.542
22 44 626.951 1644.692
22 45 633.502 1612.334
22 46 644.257 1604.501
23 1 626.085 1644.264
23 8 607.771 1636.373
23 9 624.7 1628.087
23 11 610.503 1633.545
23 12 661.463 1613.374
23 15 633.841 1613.219
23 19 621.933 1626.045
23 24 627.061 1630.921
23 29 660.521 1614.898
23 30 624.462 1629.729
23 31 625.018 1627.689
23 34 610.222 1632.944
23 36 622.389 1626.085
23 38 652.011 1596.559
23 40 668.905 1582.12
23 41 631.992 1644.599
23 44 626.359 1645.121
23 45 634.008 1611.954
23 46 643.753 1605.006
24 8 607.061 1636.939
24 9 625.074 1628.549
24 11 610.965 1633.127
24 12 661.983 1612.973
24 15 634.408 1612.679
24 19 622.021 1626.595
24 24 626.817 1630.304
24 29 661.039 1614.367
24 30 624.846 1630.236
24 31 625.386 1628.182
24 34 610.719 1632.536
24 36 622.653 1626.73
24 38 652.569 1596.157
24 40 669.43 1581.663
24 41 631.999 1644.667
24 44 625.726 1645.58
24 45 634.529 1611.553
24 46 643.25 1605.511
25 9 625.435 1629.02
25 11 611.479 1632.776
25 15 634.974 1612.14
25 19 622.358 1627.304
25 24 626.65 1629.661
25 29 661.593 1613.877
25 30 625.221 1630.73
25 31 625.754 1628.674
25 34 611.229 1632.145
25 36 623.04 1627.285
25 38 653.104 1595.79
25 40 669.955 1581.206
25 41 632.001 1644.727
25 44 625.094 1646.039
25 45 635.037 1611.134
25 46 642.738 1606.024
26 9 625.784 1629.5
26 11 612.037 1632.5
26 15 635.546 1611.606
26 19 622.84 1627.922
26 24 626.519 1629.005
26 29 662.056 1613.597
26 30 625.595 1631.225
26 31 626.105 1629.131
26 34 611.753 1631.771
26 36 623.441 1627.83
26 38 653.616 1595.391
26 40 670.589 1580.654
26 41 632.011 1644.8
26 45 635.505 1610.72
26 46 642.226 1606.537
27 9 626.12 1629.99
27 11 612.628 1632.302
27 15 636.118 1611.072
27 19 623.281 1628.567
27 24 626.39 1628.291
27 29 662.726 1613.458
27 30 626.014 1631.779
27 31 626.456 1629.588
27 34 612.289 1631.428
27 36 623.814 1628.355
27 38 654.157 1594.904
27 40 671.223 1580.102
27 41 632.02 1644.873
27 45 635.972 1610.306
27 46 641.701 1607.063
28 9 626.48 1630.471
28 11 613.337 1632.19
28 15 636.707 1610.541
28 19 623.733 1629.203
28 24 626.253 1627.531
28 29 663.444 1613.387
28 30 626.388 1632.365
28 31 626.812 1630.032
28 34 612.824 1631.085
28 36 624.186 1628.879
28 38 654.68 1594.4
28 40 671.857 1579.55
28 41 631.992 1644.964
28 45 636.482 1609.85
28 46 641.175 1607.59
29 9 626.822 1630.936
29 11 614.043 1632.057
29 15 637.31 1610.024
29 19 624.202 1629.828
29 24 626.125 1626.777
29 29 664.161 1613.461
29 30 626.702 1632.924
29 34 613.359 1630.742
29 36 624.559 1629.404
29 38 655.203 1593.895
29 40 672.563 1578.935
29 41 631.964 1645.056
29 45 636.992 1609.394
29 46 640.639 1608.128
30 9 627.163 1631.4
30 11 614.745 1631.904
30 15 637.925 1609.505
30 19 624.67 1630.453
30 24 625.997 1626.023
30 29 664.761 1613.45
30 30 627.015 1633.485
30 34 613.895 1630.399
30 36 624.925 1629.919
30 38 655.726 1593.391
30 40 673.269 1578.32
30 45 637.496 1608.923
30 46 640.105 1608.663
31 9 627.507 1631.867
31 15 638.54 1608.985
31 19 624.954 1630.876
31 24 625.876 1625.267
31 29 665.337 1613.6
31 30 627.327 1634.046
31 34 614.591 1629.878
31 36 625.291 1630.434
31 38 656.248 1592.887
31 40 673.976 1577.706
31 45 637.973 1608.423
31 46 639.572 1609.198
32 9 627.851 1632.335
32 15 639.155 1608.46
32 19 625.237 1631.299
32 24 625.87 1624.519
32 29 666.088 1613.852
32 30 627.639 1634.607
32 34 615.363 1629.479
32 36 625.658 1630.95
32 38 656.74 1592.43
32 40 674.508 1577.185
32 45 638.42 1607.897
32 46 639.034 1609.723
33 9 628.191 1632.797
33 15 639.77 1607.935
33 19 625.52 1631.722
33 24 625.887 1623.768
33 29 666.843 1614.091
33 30 627.862 1635.216
33 34 616.268 1629.38
33 36 626.024 1631.465
33 38 657.27 1591.979
33 40 675.027 1576.651
33 45 638.907 1607.344
33 46 638.51 1610.262
34 9 628.53 1633.259
34 15 640.345 1607.393
34 19 625.803 1632.145
34 24 625.944 1623.0
34 30 627.908 1635.585
34 36 626.39 1631.98
34 38 657.818 1591.551
34 40 675.531 1576.103
34 45 639.329 1606.928
35 15 640.891 1606.822
35 19 626.108 1632.614
35 36 626.841 1632.576
35 38 658.357 1591.112
35 40 676.021 1575.542
35 45 639.767 1606.531
36 15 641.396 1606.212
36 19 626.413 1633.084
36 38 658.884 1590.683
36 45 640.306 1606.249
37 19 626.718 1633.553
37 38 659.411 1590.254
37 45 640.837 1605.873
38 38 659.932 1589.83
