0 1 373.256 1130.419
0 2 378.888 1153.348
0 3 376.13 1158.507
0 4 378.657 1151.026
0 5 392.736 1113.268
0 6 389.959 1116.584
0 7 426.135 1115.102
0 8 456.587 1114.23
0 9 387.502 1108.234
0 10 396.335 1122.142
0 11 417.399 1193.55
0 12 423.6 1167.637
0 13 356.068 1144.504
0 14 371.763 1129.172
0 15 391.361 1119.695
0 16 387.014 1108.697
0 17 402.395 1121.004
0 18 396.143 1105.887
0 19 382.736 1209.839
0 20 410.519 1166.187
0 21 379.731 1153.227
0 22 377.041 1147.53
0 23 417.931 1194.143
0 24 393.752 1118.182
0 25 377.004 1150.648
0 26 373.199 1142.066
0 27 410.462 1124.865
0 28 387.696 1114.573
0 29 448.144 1114.876
0 30 450.735 1115.616
0 31 443.949 1116.592
0 32 401.282 1193.478
0 33 390.311 1121.642
0 34 376.24 1148.028
0 35 389.614 1116.036
0 36 378.594 1151.795
0 37 388.957 1123.644
0 38 419.296 1191.476
0 39 369.841 1128.747
0 40 389.455 1221.754
0 41 390.721 1120.16
0 42 385.93 1201.138
0 43 364.847 1103.525
0 44 407.576 1163.308
0 45 417.374 1192.132
0 46 387.081 1107.156
0 47 391.752 1111.358
0 48 350.427 1144.305
0 49 396.975 1107.043
0 50 448.699 1116.143
0 51 425.17 1114.981
0 52 479.993 1097.077
0 53 439.535 1117.129
0 54 456.835 1112.962
0 55 435.889 1117.324
0 56 442.752 1117.73
0 57 437.308 1119.252
1 1 373.256 1130.419
1 2 378.422 1152.177
1 3 376.667 1159.822
1 4 378.186 1150.047
1 5 392.77 1113.271
1 6 389.465 1115.41
1 7 426.135 1115.102
1 8 455.445 1114.585
1 9 387.897 1109.668
1 10 394.907 1122.104
1 11 416.129 1193.95
1 12 423.173 1166.03
1 13 357.212 1143.879
1 14 371.763 1129.172
1 15 390.849 1118.632
1 16 387.453 1109.952
1 17 402.311 1120.982
1 18 396.244 1105.943
1 19 383.45 1208.557
1 20 410.519 1166.187
1 21 379.051 1151.743
1 22 376.428 1146.46
1 23 416.618 1194.507
1 24 393.755 1118.192
1 25 376.581 1149.762
1 26 372.47 1141.193
1 27 409.3 1124.39
1 28 387.4 1114.118
1 29 448.144 1114.876
1 30 449.628 1115.842
1 31 443.21 1116.669
1 32 404.132 1193.11
1 33 389.624 1120.4
1 34 375.8 1146.941
1 35 388.866 1114.955
1 36 378.102 1150.768
1 37 388.979 1123.636
1 38 418.293 1191.727
1 39 369.925 1128.724
1 40 388.246 1221.696
1 41 390.144 1119.015
1 42 384.966 1202.306
1 43 364.847 1103.525
1 44 407.57 1163.34
1 45 416.058 1192.412
1 46 387.518 1108.378
1 47 391.821 1111.356
1 48 349.308 1144.766
1 49 397.054 1107.047
1 50 447.488 1116.132
1 51 425.103 1115.134
1 52 479.644 1097.48
1 53 438.157 1117.221
1 54 455.592 1113.425
1 55 434.939 1116.583
1 56 444.139 1117.612
1 57 436.423 1118.467
2 1 373.256 1130.419
2 2 378.188 1151.592
2 3 376.878 1160.357
2 4 377.974 1149.497
2 5 392.787 1113.273
2 6 389.212 1114.824
2 7 426.135 1115.102
2 8 454.877 1114.773
2 9 388.019 1110.328
2 10 394.355 1122.059
2 11 415.49 1194.12
2 12 423.017 1165.262
2 13 357.784 1143.566
2 14 371.763 1129.172
2 15 390.593 1118.101
2 16 387.636 1110.592
2 17 402.269 1120.971
2 18 396.295 1105.971
2 19 383.786 1207.915
2 20 410.519 1166.187
2 21 378.812 1151.227
2 22 376.177 1145.905
2 23 415.956 1194.705
2 24 393.756 1118.198
2 25 376.369 1149.32
2 26 372.131 1140.717
2 27 408.701 1124.388
2 28 387.253 1113.89
2 29 448.144 1114.876
2 30 449.067 1115.904
2 31 442.822 1116.614
2 32 405.307 1192.971
2 33 389.38 1119.804
2 34 375.58 1146.397
2 35 388.502 1114.407
2 36 377.851 1150.257
2 37 388.99 1123.631
2 38 417.52 1191.939
2 39 369.995 1128.705
2 40 387.407 1221.65
2 41 389.874 1118.388
2 42 384.443 1202.903
2 43 364.847 1103.525
2 44 407.569 1163.357
2 45 415.392 1192.512
2 46 387.752 1108.983
2 47 391.855 1111.356
2 48 348.749 1144.996
2 49 396.907 1107.052
2 50 446.802 1116.164
2 51 425.07 1115.21
2 52 479.473 1097.684
2 53 437.468 1117.267
2 54 454.981 1113.686
2 55 434.463 1116.213
2 57 435.976 1118.08
3 1 373.256 1130.419
3 2 377.925 1151.083
3 3 377.128 1160.973
3 4 377.723 1148.947
3 5 392.803 1113.274
3 6 388.94 1114.248
3 7 426.135 1115.102
3 8 454.286 1115.034
3 9 388.19 1110.977
3 10 393.802 1122.054
3 11 414.961 1194.218
3 12 422.861 1164.494
3 13 358.357 1143.254
3 14 371.763 1129.172
3 15 390.337 1117.569
3 16 387.819 1111.233
3 17 402.227 1120.96
3 18 396.345 1105.999
3 19 384.121 1207.273
3 20 410.576 1166.044
3 21 378.614 1150.803
3 22 375.901 1145.422
3 23 415.28 1194.85
3 24 393.757 1118.203
3 25 376.129 1148.813
3 26 371.793 1140.241
3 27 408.101 1124.349
3 28 387.105 1113.662
3 29 448.144 1114.876
3 30 448.503 1115.932
3 31 442.518 1116.448
3 32 406.495 1192.791
3 33 389.092 1119.223
3 34 375.359 1145.854
3 35 388.156 1113.849
3 36 377.591 1149.738
3 37 389.001 1123.627
3 38 416.86 1192.127
3 39 369.967 1128.713
3 41 389.64 1117.884
3 42 383.916 1203.505
3 43 364.847 1103.525
3 44 407.557 1163.232
3 45 414.771 1192.552
3 46 387.855 1109.469
3 47 391.84 1111.358
3 48 348.182 1145.251
3 49 396.902 1107.05
3 50 446.113 1116.115
3 51 425.036 1115.286
3 52 479.307 1097.892
3 53 436.778 1117.314
3 54 454.37 1113.947
3 55 433.988 1115.843
3 57 435.528 1117.693
4 1 373.256 1130.419
4 2 377.662 1150.573
4 3 377.377 1161.59
4 4 377.473 1148.398
4 5 392.82 1113.276
4 6 388.647 1113.682
4 7 426.152 1115.11
4 8 453.689 1115.284
4 9 388.479 1111.575
4 10 393.25 1122.088
4 11 414.372 1194.299
4 12 422.706 1163.726
4 13 358.929 1142.941
4 14 371.763 1129.172
4 15 390.081 1117.038
4 16 388.003 1111.874
4 17 402.234 1120.967
4 18 396.31 1106.046
4 19 384.456 1206.631
4 20 410.548 1166.115
4 21 378.34 1150.209
4 22 375.63 1144.929
4 23 414.594 1194.938
4 24 393.759 1118.208
4 25 375.888 1148.307
4 26 371.474 1139.754
4 27 407.503 1124.414
4 28 386.898 1113.178
4 29 448.144 1114.876
4 30 447.946 1115.95
4 31 442.143 1116.34
4 32 407.405 1192.612
4 33 388.897 1118.681
4 34 375.139 1145.311
4 35 387.809 1113.29
4 36 377.311 1149.229
4 37 389.012 1123.623
4 38 416.197 1192.296
4 39 369.939 1128.72
4 41 389.374 1117.395
4 42 383.509 1203.973
4 43 364.847 1103.525
4 44 407.559 1163.175
4 45 414.15 1192.581
4 46 388.092 1110.235
4 47 391.826 1111.361
4 48 347.615 1145.506
4 49 396.896 1107.048
4 51 425.003 1115.362
4 52 479.141 1098.1
4 53 436.089 1117.36
4 54 453.739 1114.156
4 55 433.513 1115.473
4 57 435.081 1117.307
5 1 373.256 1130.419
5 2 377.399 1150.064
5 3 377.537 1162.016
5 4 377.223 1147.841
5 5 392.837 1113.277
5 6 388.276 1113.161
5 7 426.168 1115.12
5 8 453.088 1115.522
5 9 388.746 1112.186
5 10 392.701 1122.16
5 11 413.749 1194.301
5 12 422.55 1162.958
5 13 359.501 1142.629
5 14 371.763 1129.172
5 15 389.825 1116.506
5 16 388.179 1112.443
5 17 402.242 1120.973
5 18 396.275 1106.093
5 19 384.919 1205.915
5 20 410.613 1166.12
5 21 378.067 1149.615
5 22 375.348 1144.446
5 23 413.92 1195.082
5 24 393.76 1118.213
5 25 375.665 1147.839
5 26 371.232 1139.29
5 27 406.871 1124.495
5 28 386.739 1112.677
5 30 447.39 1115.967
5 31 441.769 1116.231
5 32 408.068 1192.514
5 33 388.701 1118.14
5 34 374.816 1144.843
5 35 387.463 1112.732
5 36 377.031 1148.72
5 37 389.02 1123.644
5 38 415.529 1192.449
5 39 369.911 1128.728
5 41 389.148 1116.888
5 42 383.015 1204.538
5 43 364.847 1103.525
5 44 407.581 1163.163
5 45 413.529 1192.599
5 46 388.267 1110.826
5 47 391.811 1111.363
5 48 347.048 1145.761
5 49 396.983 1107.043
5 51 424.969 1115.438
5 52 478.975 1098.308
5 53 435.328 1117.418
5 54 453.103 1114.35
5 55 433.037 1115.103
5 57 434.633 1116.92
6 1 373.256 1130.419
6 2 377.136 1149.555
6 3 377.879 1162.829
6 4 376.943 1147.262
6 5 392.854 1113.279
6 6 387.923 1112.627
6 7 426.184 1115.131
6 8 452.481 1115.747
6 9 389.044 1112.735
6 10 392.118 1122.379
6 11 413.125 1194.303
6 12 422.308 1162.081
6 13 360.073 1142.316
6 14 371.763 1129.172
6 15 389.569 1115.975
6 16 388.408 1113.06
6 17 402.249 1120.979
6 18 396.24 1106.14
6 19 385.383 1205.198
6 20 410.673 1166.013
6 21 377.791 1149.018
6 22 374.931 1143.94
6 23 413.245 1195.226
6 24 393.762 1118.218
6 25 375.485 1147.352
6 26 370.953 1138.818
6 27 406.239 1124.583
6 28 386.513 1111.997
6 30 446.833 1115.985
6 32 409.008 1192.292
6 33 388.506 1117.598
6 34 374.481 1144.383
6 35 387.117 1112.173
6 36 376.751 1148.211
6 37 389.029 1123.666
6 38 414.857 1192.584
6 39 369.85 1128.752
6 41 388.916 1116.383
6 42 382.534 1205.091
6 43 364.847 1103.525
6 44 407.602 1163.151
6 45 412.907 1192.6
6 46 388.441 1111.417
6 47 391.712 1111.451
6 48 346.481 1146.016
6 49 396.989 1107.046
6 51 424.936 1115.514
6 52 478.809 1098.516
6 53 434.567 1117.476
6 54 452.464 1114.531
6 55 432.562 1114.733
6 57 434.186 1116.533
7 1 373.256 1130.419
7 2 376.843 1148.973
7 3 378.18 1163.344
7 4 376.664 1146.684
7 5 392.871 1113.28
7 6 387.589 1112.081
7 7 426.198 1115.144
7 8 451.871 1115.961
7 9 389.341 1113.285
7 10 391.845 1122.498
7 11 412.573 1194.312
7 12 422.13 1161.401
7 13 360.645 1142.004
7 14 371.763 1129.172
7 15 389.303 1115.484
7 16 388.69 1113.655
7 17 402.256 1120.985
7 18 396.204 1106.187
7 20 410.657 1166.048
7 21 377.516 1148.421
7 22 374.57 1143.457
7 23 412.571 1195.37
7 24 393.763 1118.223
7 25 375.229 1146.905
7 26 370.807 1138.296
7 27 405.611 1124.629
7 28 386.452 1111.708
7 30 446.276 1116.002
7 32 409.601 1192.155
7 33 388.31 1117.057
7 34 374.129 1143.938
7 35 386.865 1111.655
7 36 376.468 1147.661
7 37 389.037 1123.687
7 38 414.194 1192.637
7 39 369.895 1128.748
7 41 388.685 1115.878
7 42 382.053 1205.644
7 43 364.847 1103.525
7 44 407.602 1163.151
7 45 412.285 1192.602
7 46 388.616 1112.008
7 47 391.613 1111.538
7 48 345.914 1146.271
7 49 396.994 1107.049
7 51 424.877 1115.595
7 52 478.642 1098.724
7 53 433.978 1117.475
7 54 451.82 1114.697
7 55 432.087 1114.363
7 57 433.738 1116.146
8 1 373.256 1130.419
8 2 376.549 1148.392
8 3 378.48 1163.858
8 4 376.384 1146.105
8 5 392.888 1113.282
8 6 387.274 1111.524
8 7 426.21 1115.159
8 8 451.254 1116.156
8 9 389.638 1113.835
8 10 391.304 1122.632
8 11 412.022 1194.335
8 12 421.828 1160.716
8 13 361.238 1141.72
8 14 371.763 1129.172
8 15 389.038 1114.992
8 16 388.958 1114.273
8 17 402.264 1120.991
8 18 396.212 1106.224
8 20 410.657 1166.048
8 21 377.272 1147.894
8 22 374.204 1142.964
8 23 411.896 1195.514
8 24 393.765 1118.228
8 25 374.849 1146.232
8 26 370.688 1137.765
8 27 404.955 1124.632
8 28 386.319 1111.082
8 30 445.72 1116.02
8 32 410.302 1191.991
8 33 388.114 1116.515
8 34 373.742 1143.522
8 35 386.632 1111.128
8 36 376.155 1147.126
8 37 389.046 1123.709
8 38 413.53 1192.689
8 39 369.939 1128.743
8 41 388.453 1115.374
8 42 381.56 1206.187
8 43 364.847 1103.525
8 44 407.602 1163.151
8 45 411.716 1192.657
8 46 388.796 1112.597
8 47 391.629 1111.75
8 48 345.354 1146.542
8 49 397.0 1107.052
8 51 424.734 1115.586
8 52 478.476 1098.932
8 53 433.389 1117.474
8 54 451.172 1114.841
8 55 431.612 1113.993
8 57 433.291 1115.76
9 1 373.256 1130.419
9 2 376.349 1147.91
9 3 378.795 1164.403
9 4 376.183 1145.7
9 5 392.905 1113.283
9 6 387.078 1110.932
9 7 426.221 1115.174
9 8 450.638 1116.351
9 9 389.936 1114.385
9 10 391.067 1122.661
9 11 411.472 1194.373
9 12 421.526 1160.031
9 13 361.815 1141.405
9 14 371.763 1129.172
9 15 388.772 1114.501
9 16 389.246 1114.882
9 17 402.271 1120.997
9 18 396.22 1106.262
9 21 377.052 1147.459
9 22 373.887 1142.561
9 23 411.487 1195.566
9 24 393.766 1118.233
9 25 374.565 1145.853
9 26 370.63 1137.225
9 27 404.299 1124.638
9 28 386.138 1110.468
9 30 445.163 1116.038
9 32 411.052 1191.816
9 33 387.864 1115.996
9 34 373.395 1143.073
9 35 386.399 1110.601
9 36 375.819 1146.604
9 37 389.054 1123.73
9 38 412.867 1192.742
9 39 369.983 1128.739
9 41 388.209 1114.81
9 42 381.019 1206.695
9 43 364.847 1103.525
9 44 407.602 1163.151
9 45 411.148 1192.72
9 46 389.054 1113.148
9 47 391.645 1111.962
9 48 344.794 1146.813
9 49 397.006 1107.055
9 51 424.787 1115.504
9 53 432.8 1117.473
9 54 450.523 1114.986
9 55 431.029 1113.588
10 1 373.256 1130.419
10 2 376.149 1147.428
10 3 379.132 1165.081
10 4 375.868 1145.2
10 5 392.921 1113.285
10 6 386.882 1110.341
10 7 426.231 1115.19
10 8 450.068 1116.5
10 9 390.237 1114.932
10 10 390.85 1122.753
10 11 410.923 1194.425
10 12 421.224 1159.346
10 13 362.376 1141.06
10 14 371.763 1129.172
10 15 388.506 1114.01
10 16 389.525 1115.496
10 17 402.278 1121.004
10 18 396.227 1106.299
10 21 376.81 1146.974
10 22 373.57 1142.157
10 23 411.079 1195.632
10 24 393.767 1118.238
10 25 374.218 1145.341
10 26 370.632 1136.681
10 27 403.657 1124.529
10 28 385.939 1109.804
10 30 444.607 1116.055
10 32 411.914 1191.613
10 33 387.618 1115.475
10 34 373.049 1142.624
10 35 386.225 1110.075
10 36 375.494 1146.075
10 37 389.063 1123.752
10 38 412.171 1192.753
10 39 370.027 1128.734
10 41 387.921 1114.266
10 42 380.477 1207.204
10 43 364.851 1103.579
10 44 407.602 1163.151
10 45 410.582 1192.799
10 46 389.326 1113.691
10 47 391.661 1112.174
10 48 344.234 1147.084
10 49 397.012 1107.058
10 51 424.875 1115.462
10 53 432.211 1117.471
10 54 449.958 1115.115
10 55 430.457 1113.207
11 1 373.256 1130.419
11 2 375.948 1146.946
11 3 379.356 1165.726
11 4 375.584 1144.748
11 5 392.938 1113.286
11 6 386.71 1109.739
11 7 426.239 1115.208
11 8 449.494 1116.626
11 9 390.538 1115.48
11 10 390.614 1122.795
11 11 410.488 1194.569
11 12 420.922 1158.66
11 13 362.924 1140.775
11 14 371.763 1129.172
11 15 388.24 1113.518
11 16 389.854 1116.05
11 17 402.303 1121.008
11 18 396.228 1106.338
11 21 376.561 1146.491
11 22 373.252 1141.753
11 23 410.674 1195.713
11 24 393.769 1118.243
11 25 373.881 1144.85
11 26 370.703 1136.205
11 27 403.022 1124.381
11 28 385.72 1109.23
11 30 444.05 1116.073
11 32 413.334 1191.365
11 33 387.375 1114.953
11 34 372.694 1142.181
11 35 386.051 1109.55
11 36 375.245 1145.607
11 37 389.065 1123.78
11 38 411.475 1192.763
11 39 370.056 1128.734
11 41 387.573 1113.78
11 42 379.935 1207.713
11 43 364.854 1103.633
11 44 407.602 1163.151
11 45 410.016 1192.878
11 46 389.621 1114.222
11 47 391.662 1112.183
11 48 343.674 1147.354
11 49 397.018 1107.061
11 51 424.973 1115.471
11 53 431.622 1117.47
11 54 449.39 1115.234
12 1 373.256 1130.419
12 2 375.748 1146.464
12 3 379.573 1166.404
12 4 375.297 1144.218
12 5 392.955 1113.288
12 6 386.537 1109.138
12 7 426.245 1115.226
12 8 448.914 1116.73
12 9 390.824 1116.0
12 10 390.369 1122.818
12 11 410.06 1194.731
12 12 420.621 1157.975
12 13 363.454 1140.456
12 14 371.763 1129.172
12 15 387.975 1113.027
12 16 390.183 1116.604
12 17 402.328 1121.013
12 18 396.236 1106.376
12 21 376.275 1145.984
12 22 372.899 1141.308
12 23 410.273 1195.808
12 24 393.77 1118.248
12 25 373.593 1144.41
12 26 370.773 1135.729
12 27 402.391 1124.218
12 28 385.482 1108.665
12 30 443.494 1116.091
12 32 414.757 1191.315
12 33 387.095 1114.324
12 34 372.363 1141.754
12 35 385.877 1109.025
12 36 374.997 1145.14
12 37 389.068 1123.809
12 38 411.036 1192.791
12 39 370.084 1128.733
12 41 387.224 1113.293
12 42 379.394 1208.221
12 43 364.858 1103.687
12 44 407.607 1163.152
12 45 409.451 1192.957
12 46 389.917 1114.753
12 47 391.662 1112.192
12 48 343.115 1147.625
12 49 397.023 1107.064
12 51 425.052 1115.528
12 53 430.985 1117.458
12 54 448.82 1115.339
13 1 373.256 1130.419
13 2 375.548 1145.982
13 3 379.815 1167.175
13 4 374.975 1143.739
13 5 392.975 1113.291
13 6 386.375 1108.548
13 7 426.249 1115.245
13 8 448.331 1116.811
13 9 391.142 1116.577
13 10 390.156 1122.852
13 11 409.638 1194.909
13 12 420.319 1157.29
13 13 363.963 1140.105
13 14 371.763 1129.172
13 15 387.66 1112.51
13 16 390.512 1117.158
13 17 402.352 1121.017
13 18 396.25 1106.411
13 21 375.991 1145.475
13 22 372.546 1140.863
13 23 409.874 1195.917
13 24 393.772 1118.253
13 25 373.318 1143.966
13 26 370.843 1135.253
13 27 401.76 1124.058
13 28 385.195 1108.117
13 30 442.937 1116.108
13 32 416.65 1191.493
13 33 386.656 1113.674
13 34 372.032 1141.328
13 35 385.703 1108.5
13 36 374.72 1144.592
13 37 389.07 1123.837
13 38 410.596 1192.819
13 39 370.09 1128.758
13 41 386.876 1112.806
13 43 364.861 1103.741
13 44 407.612 1163.153
13 45 408.942 1193.045
13 46 390.177 1115.301
13 47 391.663 1112.201
13 48 342.555 1147.896
13 49 397.035 1106.993
13 51 425.06 1115.538
13 53 430.347 1117.463
13 54 448.249 1115.443
14 1 373.214 1130.48
14 2 375.299 1145.528
14 3 380.001 1167.75
14 4 374.675 1143.252
14 5 392.995 1113.295
14 6 386.229 1107.953
14 7 426.248 1115.243
14 8 447.662 1116.847
14 9 391.46 1117.155
14 10 390.007 1122.87
14 11 409.223 1195.104
14 12 420.017 1156.605
14 13 364.448 1139.722
14 14 371.777 1129.167
14 15 387.346 1111.993
14 16 390.878 1117.692
14 17 402.377 1121.021
14 18 396.164 1106.683
14 21 375.677 1144.985
14 22 372.261 1140.496
14 23 409.48 1196.039
14 24 393.805 1118.26
14 25 373.035 1143.528
14 26 370.888 1134.725
14 27 401.132 1123.884
14 28 384.899 1107.572
14 30 442.494 1116.121
14 33 386.279 1113.129
14 34 371.702 1140.902
14 35 385.474 1107.859
14 36 374.471 1144.167
14 37 389.072 1123.866
14 38 410.156 1192.846
14 39 370.096 1128.783
14 41 386.571 1112.291
14 43 364.865 1103.795
14 44 407.617 1163.155
14 45 408.435 1193.142
14 46 390.443 1115.786
14 47 391.664 1112.21
14 48 341.991 1148.179
14 49 397.034 1107.008
14 51 425.067 1115.548
14 53 429.71 1117.468
14 54 447.792 1115.439
15 1 373.183 1130.419
15 2 375.042 1145.078
15 3 380.187 1168.326
15 4 374.358 1142.771
15 5 393.014 1113.299
15 6 386.083 1107.359
15 7 426.247 1115.242
15 8 446.992 1116.873
15 9 391.778 1117.732
15 10 389.856 1122.875
15 11 408.721 1195.327
15 12 419.715 1155.919
15 13 364.909 1139.309
15 14 371.791 1129.163
15 15 387.031 1111.476
15 16 391.279 1118.2
15 17 402.373 1121.061
15 18 396.169 1106.745
15 21 375.362 1144.494
15 22 371.903 1140.047
15 23 409.091 1196.176
15 24 393.838 1118.267
15 25 372.743 1143.095
15 26 370.933 1134.303
15 27 400.256 1123.669
15 28 384.601 1107.043
15 30 442.052 1116.134
15 33 386.014 1112.664
15 34 371.338 1140.438
15 35 385.17 1107.087
15 36 374.134 1143.686
15 37 389.071 1123.839
15 38 409.716 1192.874
15 39 370.147 1128.757
15 41 386.373 1111.774
15 43 364.869 1103.849
15 44 407.622 1163.156
15 45 407.931 1193.249
15 46 390.732 1116.329
15 47 391.652 1112.216
15 48 341.428 1148.462
15 49 397.032 1107.024
15 51 425.074 1115.559
15 53 429.07 1117.533
15 54 447.134 1115.442
16 1 373.152 1130.357
16 2 374.772 1144.636
16 3 380.239 1168.927
16 4 374.028 1142.302
16 5 393.034 1113.302
16 6 385.994 1106.575
16 7 426.246 1115.241
16 8 446.322 1116.881
16 9 392.062 1118.249
16 10 389.68 1122.861
16 11 408.219 1195.55
16 12 419.413 1155.234
16 13 365.362 1138.847
16 14 371.805 1129.159
16 15 386.816 1110.994
16 16 391.714 1118.679
16 17 402.369 1121.101
16 18 396.181 1106.805
16 21 375.048 1144.004
16 22 371.546 1139.597
16 24 393.871 1118.273
16 25 372.45 1142.663
16 26 371.029 1133.721
16 27 399.381 1123.454
16 28 384.302 1106.513
16 30 441.609 1116.148
16 33 385.754 1112.193
16 34 370.975 1139.975
16 35 384.965 1106.439
16 36 373.797 1143.205
16 37 389.069 1123.813
16 38 409.138 1192.959
16 39 370.199 1128.732
16 41 386.164 1111.264
16 43 364.872 1103.903
16 44 407.622 1163.156
16 45 407.428 1193.365
16 46 391.025 1116.902
16 47 391.64 1112.221
16 48 340.865 1148.744
16 49 397.03 1107.04
16 51 425.063 1115.555
16 53 428.519 1117.477
17 1 373.18 1130.431
17 2 374.497 1144.197
17 3 380.418 1169.555
17 4 373.717 1141.838
17 5 393.054 1113.306
17 6 385.913 1106.065
17 7 426.245 1115.24
17 8 445.652 1116.889
17 9 392.361 1118.667
17 10 389.61 1122.928
17 11 407.717 1195.773
17 12 419.111 1154.549
17 13 365.858 1138.336
17 14 371.82 1129.154
17 15 386.615 1110.505
17 16 392.18 1119.127
17 17 402.365 1121.141
17 18 396.199 1106.864
17 21 374.789 1143.603
17 22 371.179 1139.137
17 24 393.904 1118.28
17 25 372.122 1142.17
17 26 371.127 1133.245
17 27 398.605 1123.264
17 28 384.003 1105.984
17 30 441.167 1116.161
17 33 385.471 1111.667
17 34 370.709 1139.622
17 35 384.76 1105.791
17 36 373.501 1142.791
17 37 389.068 1123.786
17 38 408.562 1193.056
17 39 370.181 1128.665
17 41 386.004 1110.734
17 43 364.876 1103.957
17 44 407.622 1163.156
17 45 406.927 1193.491
17 46 391.37 1117.416
17 47 391.627 1112.227
17 48 340.301 1149.027
17 49 397.028 1107.056
17 51 425.053 1115.551
17 53 427.814 1117.397
18 1 373.208 1130.504
18 2 374.221 1143.758
18 3 380.559 1170.193
18 4 373.356 1141.411
18 5 393.068 1113.334
18 6 385.812 1105.357
18 7 426.245 1115.239
18 8 444.982 1116.897
18 9 392.708 1119.046
18 10 389.75 1123.017
18 12 418.81 1153.863
18 13 366.261 1137.928
18 14 371.852 1129.261
18 15 386.429 1110.011
18 16 392.574 1119.515
18 17 402.408 1121.129
18 18 396.223 1106.92
18 21 374.531 1143.202
18 22 370.977 1138.921
18 24 393.875 1118.307
18 25 371.826 1141.731
18 26 371.218 1132.775
18 27 397.763 1123.058
18 28 383.732 1105.44
18 30 440.724 1116.174
18 33 385.201 1111.133
18 34 370.433 1139.259
18 35 384.59 1105.337
18 36 373.206 1142.372
18 37 389.093 1123.857
18 38 407.988 1193.164
18 39 370.217 1128.794
18 41 385.858 1110.198
18 43 364.876 1103.957
18 44 407.622 1163.156
18 45 406.429 1193.626
18 46 391.81 1117.897
18 47 391.615 1112.232
18 49 397.026 1107.072
18 51 425.043 1115.545
18 53 427.109 1117.317
19 1 373.237 1130.577
19 2 373.891 1143.323
19 3 380.643 1171.177
19 4 372.965 1141.012
19 5 393.081 1113.361
19 6 385.719 1104.69
19 7 426.244 1115.238
19 9 393.097 1119.381
19 10 389.884 1123.115
19 12 418.508 1153.178
19 13 366.631 1137.558
19 14 371.885 1129.367
19 15 386.259 1109.512
19 16 392.984 1119.887
19 17 402.451 1121.116
19 18 396.282 1106.947
19 21 374.223 1142.723
19 22 370.736 1138.505
19 24 393.846 1118.334
19 25 371.529 1141.292
19 26 371.322 1132.308
19 27 397.067 1122.886
19 28 383.543 1104.859
19 33 384.973 1110.581
19 34 370.158 1138.895
19 35 384.409 1104.841
19 36 372.897 1141.962
19 37 389.119 1123.929
19 38 407.418 1193.291
19 39 370.26 1128.952
19 41 385.619 1109.745
19 43 364.876 1103.957
19 44 407.622 1163.156
19 45 405.934 1193.771
19 46 392.213 1118.389
19 47 391.603 1112.238
19 49 397.025 1107.088
19 51 425.033 1115.538
20 1 373.245 1130.6
20 2 373.542 1142.903
20 3 380.691 1171.893
20 4 372.482 1140.584
20 5 393.095 1113.389
20 6 385.626 1104.022
20 7 426.242 1115.238
20 9 393.523 1119.668
20 10 390.0 1123.143
20 12 418.206 1152.493
20 13 367.092 1137.021
20 14 371.889 1129.382
20 15 386.105 1108.962
20 16 393.409 1120.241
20 17 402.494 1121.104
20 18 396.286 1106.937
20 21 373.94 1142.327
20 22 370.465 1138.0
20 24 393.817 1118.36
20 25 371.241 1140.867
20 26 371.42 1131.84
20 27 396.254 1122.687
20 28 383.353 1104.278
20 33 384.736 1109.971
20 34 369.894 1138.339
20 35 384.246 1104.34
20 36 372.508 1141.396
20 37 389.144 1124.0
20 38 406.848 1193.418
20 39 370.265 1128.969
20 41 385.481 1109.219
20 43 364.876 1103.957
20 44 407.622 1163.156
20 45 405.442 1193.925
20 46 392.65 1118.743
20 47 391.59 1112.243
20 49 397.064 1107.047
20 51 425.033 1115.538
21 1 373.245 1130.6
21 2 373.175 1142.498
21 3 380.736 1172.26
21 4 372.174 1140.212
21 5 393.109 1113.416
21 6 385.44 1103.289
21 7 426.241 1115.237
21 9 393.98 1119.902
21 10 390.005 1123.185
21 13 367.553 1136.483
21 14 371.894 1129.397
21 15 385.975 1108.407
21 16 393.938 1120.598
21 17 402.494 1121.104
21 18 396.29 1106.927
21 21 373.638 1141.946
21 22 370.373 1137.657
21 24 393.788 1118.387
21 27 395.705 1122.529
21 28 383.164 1103.698
21 33 384.498 1109.362
21 34 369.755 1137.739
21 35 384.082 1103.838
21 36 372.204 1140.96
21 37 389.144 1124.0
21 39 370.239 1128.939
21 41 385.342 1108.694
21 43 364.876 1103.957
21 45 404.952 1194.088
21 46 393.252 1119.118
21 47 391.578 1112.249
21 49 397.104 1107.007
21 51 425.033 1115.538
22 1 373.245 1130.6
22 2 372.791 1142.109
22 3 380.9 1172.896
22 4 371.913 1139.805
22 5 393.122 1113.444
22 6 385.238 1102.56
22 7 426.24 1115.236
22 9 394.605 1120.171
22 10 390.003 1123.206
22 13 368.013 1135.946
22 14 371.898 1129.411
22 15 385.848 1107.85
22 16 394.467 1120.954
22 17 402.494 1121.104
22 18 396.295 1106.918
22 21 373.318 1141.579
22 22 370.289 1137.036
22 24 393.809 1118.377
22 27 395.149 1122.4
22 28 382.975 1103.117
22 33 384.261 1108.736
22 34 369.685 1137.154
22 35 383.907 1103.269
22 36 371.904 1140.521
22 37 389.144 1124.0
22 39 370.213 1128.908
22 41 385.203 1108.168
22 43 364.876 1103.957
22 45 404.466 1194.261
22 46 393.539 1119.389
22 47 391.566 1112.254
22 49 397.143 1106.966
23 1 373.245 1130.6
23 2 372.421 1141.683
23 3 381.175 1173.552
23 4 371.604 1139.234
23 5 393.126 1113.435
23 6 385.021 1101.835
23 7 426.239 1115.235
23 9 395.243 1120.407
23 10 389.991 1123.288
23 13 368.228 1135.632
23 14 371.898 1129.409
23 15 385.704 1107.298
23 16 394.996 1121.311
23 17 402.494 1121.104
23 18 396.299 1106.908
23 21 372.961 1141.205
23 22 370.312 1136.405
23 24 393.831 1118.366
23 27 394.586 1122.3
23 28 382.785 1102.536
23 33 384.024 1108.111
23 34 369.66 1136.566
23 35 383.724 1102.703
23 36 371.613 1140.078
23 37 389.144 1124.0
23 39 370.187 1128.878
23 41 385.017 1107.614
23 43 364.876 1103.957
23 45 403.985 1194.447
23 46 393.976 1119.716
23 47 391.553 1112.26
23 49 397.183 1106.926
24 1 373.245 1130.6
24 2 372.052 1141.256
24 4 371.327 1138.65
24 5 393.129 1113.427
24 6 384.781 1101.117
24 7 426.189 1115.207
24 9 395.887 1120.627
24 10 390.065 1123.223
24 14 371.897 1129.407
24 15 385.543 1106.75
24 16 395.525 1121.667
24 17 402.494 1121.104
24 18 396.304 1106.898
24 21 372.523 1140.769
24 22 370.404 1135.851
24 24 393.852 1118.356
24 27 394.02 1122.23
24 28 382.596 1101.956
24 33 383.787 1107.486
24 34 369.681 1135.977
24 35 383.523 1102.142
24 36 371.307 1139.589
24 37 389.144 1124.0
24 39 370.154 1128.714
24 41 384.831 1107.06
24 43 364.876 1103.957
24 45 403.504 1194.633
24 46 394.479 1119.95
24 47 391.541 1112.265
24 49 397.222 1106.885
25 1 373.245 1130.6
25 2 371.55 1140.659
25 4 371.05 1138.066
25 5 393.133 1113.418
25 6 384.542 1100.4
25 7 426.137 1115.18
25 9 396.542 1120.812
25 10 390.003 1123.206
25 14 371.897 1129.407
25 15 385.365 1106.208
25 16 396.054 1122.024
25 17 402.494 1121.104
25 18 396.308 1106.888
25 21 372.04 1140.194
25 22 370.463 1135.294
25 24 393.874 1118.346
25 27 393.564 1122.219
25 28 382.406 1101.375
25 33 383.55 1106.861
25 34 369.733 1135.316
25 35 383.323 1101.582
25 36 371.025 1139.087
25 37 389.144 1124.0
25 39 370.122 1128.55
25 41 384.645 1106.506
25 43 364.876 1103.957
25 46 395.0 1120.14
25 47 391.528 1112.271
25 49 397.262 1106.845
26 1 373.245 1130.6
26 2 371.212 1140.236
26 5 393.136 1113.41
26 6 384.264 1099.552
26 9 397.196 1120.997
26 10 390.003 1123.206
26 14 371.897 1129.407
26 15 385.171 1105.671
26 16 396.642 1122.423
26 17 402.494 1121.104
26 18 396.169 1106.845
26 21 371.708 1139.796
26 22 370.537 1134.739
26 24 393.829 1118.359
26 27 393.113 1122.269
26 28 382.217 1100.795
26 33 383.313 1106.235
26 34 369.785 1134.654
26 35 383.123 1101.022
26 36 370.766 1138.572
26 37 389.144 1124.0
26 39 370.126 1128.519
26 41 384.459 1105.951
26 46 395.582 1120.53
26 47 391.516 1112.276
26 49 397.301 1106.804
27 1 373.245 1130.6
27 2 370.852 1139.786
27 5 393.119 1113.406
27 6 383.986 1098.705
27 10 390.003 1123.206
27 14 371.897 1129.407
27 15 384.905 1105.183
27 16 397.229 1122.822
27 17 402.494 1121.104
27 18 396.038 1106.779
27 21 371.345 1139.363
27 22 370.588 1134.328
27 24 393.829 1118.359
27 27 392.684 1122.43
27 28 382.028 1100.214
27 33 383.075 1105.61
27 35 382.923 1100.461
27 36 370.55 1138.061
27 37 389.144 1124.0
27 39 370.13 1128.487
27 41 384.238 1105.439
27 46 396.108 1120.907
28 1 373.245 1130.6
28 2 370.492 1139.337
28 5 393.101 1113.403
28 10 390.03 1123.21
28 14 371.897 1129.407
28 15 384.644 1104.694
28 16 397.817 1123.221
28 17 402.495 1121.105
28 18 395.921 1106.692
28 21 371.035 1138.885
28 22 370.652 1134.097
28 24 393.833 1118.372
28 27 392.271 1122.628
28 28 381.807 1099.648
28 33 382.838 1104.985
28 35 382.717 1099.903
28 36 370.352 1137.542
28 37 389.144 1124.0
28 39 370.134 1128.456
28 41 384.016 1104.927
28 46 396.611 1121.333
29 1 373.258 1130.608
29 5 393.083 1113.4
29 10 390.056 1123.214
29 14 371.897 1129.407
29 15 384.387 1104.202
29 17 402.495 1121.106
29 18 395.898 1106.64
29 21 370.817 1138.401
29 22 370.936 1133.304
29 24 393.836 1118.385
29 28 381.586 1099.082
29 35 382.42 1099.391
29 37 389.144 1124.0
29 39 370.141 1128.439
29 41 383.794 1104.415
29 46 397.093 1121.738
30 1 373.271 1130.617
30 5 393.066 1113.396
30 10 390.082 1123.219
30 14 371.88 1129.351
30 15 384.143 1103.703
30 17 402.495 1121.107
30 18 395.929 1106.619
30 21 370.614 1137.908
30 24 393.84 1118.398
30 35 382.001 1098.885
30 37 389.144 1124.0
30 39 370.149 1128.422
30 41 383.572 1103.902
30 46 397.767 1122.286
31 1 373.285 1130.626
31 5 393.048 1113.393
31 10 390.108 1123.223
31 14 371.889 1129.379
31 15 383.899 1103.205
31 17 402.495 1121.108
31 18 396.004 1106.618
31 24 393.844 1118.412
31 37 389.144 1124.0
31 39 370.157 1128.405
31 41 383.351 1103.39
31 46 398.341 1122.755
32 1 373.298 1130.635
32 5 393.03 1113.39
32 10 390.134 1123.228
32 14 371.897 1129.407
32 15 383.655 1102.706
32 17 402.496 1121.109
32 18 395.986 1106.549
32 24 393.875 1118.427
32 37 389.144 1124.0
32 39 370.18 1128.443
32 41 383.129 1102.878
33 1 373.311 1130.643
33 5 393.012 1113.386
33 10 390.13 1123.297
33 14 371.902 1129.424
33 15 383.41 1102.208
33 17 402.496 1121.11
33 24 393.906 1118.443
33 37 389.144 1124.0
33 39 370.203 1128.482
33 41 382.907 1102.365
34 1 373.324 1130.652
34 5 393.012 1113.386
34 10 390.13 1123.297
34 14 371.907 1129.44
34 15 383.166 1101.709
34 17 402.496 1121.111
34 24 393.937 1118.459
34 37 389.144 1124.0
34 39 370.227 1128.521
34 41 382.685 1101.853
35 1 373.337 1130.661
35 5 393.012 1113.386
35 10 390.13 1123.297
35 14 371.912 1129.457
35 15 382.992 1101.177
35 24 393.968 1118.474
35 37 389.144 1124.0
35 39 370.23 1128.535
35 41 382.464 1101.341
36 1 373.35 1130.67
36 10 390.13 1123.297
36 14 371.912 1129.457
36 15 382.818 1100.644
36 39 370.222 1128.503
36 41 382.242 1100.828
37 1 373.363 1130.678
37 10 390.13 1123.297
37 39 370.236 1128.556
37 41 382.02 1100.316
