0 1 707.223 1782.619
0 2 710.538 1782.886
0 3 712.545 1784.764
0 4 709.419 1781.425
0 5 713.74 1784.123
0 6 725.902 1791.918
0 7 694.425 1781.052
0 8 711.208 1784.92
0 9 713.041 1785.085
0 10 712.495 1783.739
0 11 711.488 1784.329
0 12 719.793 1818.052
0 13 708.598 1781.03
0 14 706.833 1781.278
0 15 710.94 1784.138
0 16 709.081 1782.963
0 17 717.643 1792.23
0 18 710.195 1783.901
0 19 731.902 1797.509
0 20 717.637 1791.286
0 21 733.725 1792.627
0 22 708.507 1831.484
0 23 723.074 1814.214
1 1 707.17 1782.685
1 2 710.507 1782.886
1 3 712.545 1784.764
1 4 709.419 1781.425
1 5 713.74 1784.123
1 6 724.648 1791.076
1 7 695.605 1780.553
1 8 711.208 1784.92
1 9 713.041 1785.085
1 10 712.495 1783.739
1 11 711.488 1784.329
1 12 720.699 1816.957
1 13 708.736 1780.892
1 14 706.853 1781.434
1 15 710.862 1784.085
1 16 709.028 1783.04
1 17 716.463 1791.182
1 18 710.195 1783.901
1 19 731.902 1797.509
1 20 716.55 1790.219
1 21 733.725 1792.627
1 22 709.25 1830.549
1 23 723.912 1813.065
2 1 707.161 1782.695
2 2 710.494 1782.886
2 3 712.545 1784.764
2 4 709.329 1781.534
2 5 713.74 1784.123
2 6 724.131 1790.883
2 7 696.078 1780.354
2 8 711.208 1784.92
2 9 713.041 1785.085
2 10 712.495 1783.739
2 11 711.488 1784.329
2 12 721.062 1816.518
2 13 708.812 1780.816
2 14 706.888 1781.5
2 15 710.831 1784.064
2 16 709.007 1783.071
2 17 716.068 1790.819
2 18 710.195 1783.901
2 19 731.902 1797.509
2 20 716.115 1789.792
2 21 733.725 1792.627
2 22 709.548 1830.174
2 23 724.196 1812.607
3 1 707.151 1782.708
3 2 710.479 1782.886
3 3 712.545 1784.764
3 4 709.239 1781.642
3 5 713.74 1784.123
3 6 723.486 1790.643
3 7 696.724 1780.07
3 8 711.208 1784.92
3 9 713.041 1785.085
3 10 712.495 1783.739
3 11 711.488 1784.329
3 12 721.515 1815.971
3 13 708.889 1780.74
3 14 706.932 1781.582
3 15 710.826 1784.072
3 16 709.008 1783.05
3 17 715.591 1790.349
3 18 710.195 1783.901
3 19 731.902 1797.509
3 20 715.688 1789.339
3 21 733.725 1792.627
3 22 709.919 1829.707
3 23 724.53 1812.023
4 1 707.141 1782.721
4 2 710.463 1782.886
4 3 712.545 1784.764
4 4 709.149 1781.75
4 5 713.74 1784.123
4 6 722.842 1790.403
4 7 697.382 1779.818
4 8 711.208 1784.92
4 9 713.048 1785.076
4 10 712.495 1783.739
4 11 711.467 1784.325
4 12 721.974 1815.43
4 13 708.782 1780.847
4 14 707.028 1781.529
4 15 710.822 1784.079
4 16 709.008 1783.029
4 17 715.12 1789.832
4 18 710.195 1783.901
4 19 731.902 1797.509
4 20 715.261 1788.887
4 21 733.725 1792.627
4 22 710.29 1829.24
4 23 724.722 1811.576
5 1 707.13 1782.734
5 2 710.448 1782.886
5 3 712.545 1784.764
5 4 709.058 1781.858
5 5 713.74 1784.123
5 6 722.223 1790.063
5 7 698.053 1779.599
5 8 711.208 1784.92
5 9 713.055 1785.067
5 10 712.495 1783.739
5 11 711.446 1784.32
5 12 722.433 1814.888
5 13 708.675 1780.954
5 14 707.086 1781.483
5 15 710.817 1784.086
5 16 709.009 1783.007
5 17 714.648 1789.315
5 18 710.195 1783.901
5 19 731.902 1797.509
5 20 714.834 1788.434
5 21 733.725 1792.627
5 22 710.662 1828.773
5 23 724.828 1811.1
6 1 707.12 1782.746
6 2 710.432 1782.886
6 3 712.545 1784.764
6 4 708.968 1781.966
6 5 713.74 1784.123
6 6 721.616 1789.702
6 7 698.733 1779.413
6 8 711.208 1784.92
6 9 713.061 1785.058
6 10 712.495 1783.739
6 11 711.425 1784.316
6 12 722.892 1814.346
6 13 708.567 1781.061
6 14 707.144 1781.436
6 15 710.835 1784.059
6 16 709.01 1782.986
6 17 714.176 1788.807
6 18 710.195 1783.901
6 19 731.902 1797.509
6 20 714.408 1787.982
6 21 733.725 1792.627
6 22 711.033 1828.306
6 23 724.844 1810.614
7 1 707.114 1782.725
7 2 710.427 1782.87
7 3 712.545 1784.764
7 4 708.837 1782.016
7 5 713.74 1784.123
7 6 721.008 1789.34
7 7 699.423 1779.259
7 8 711.208 1784.92
7 9 713.068 1785.049
7 10 712.495 1783.739
7 11 711.404 1784.311
7 12 723.439 1814.015
7 13 708.478 1781.15
7 14 707.202 1781.39
7 15 710.824 1784.075
7 16 709.01 1782.965
7 17 713.688 1788.31
7 18 710.172 1783.889
7 19 731.902 1797.509
7 20 713.98 1787.529
7 21 733.725 1792.627
7 22 711.405 1827.838
7 23 724.809 1810.148
8 1 707.107 1782.705
8 2 710.422 1782.854
8 3 712.545 1784.764
8 4 708.706 1782.066
8 5 713.74 1784.123
8 6 720.413 1788.985
8 7 700.12 1779.14
8 8 711.208 1784.92
8 9 713.079 1785.035
8 10 712.495 1783.739
8 11 711.382 1784.307
8 12 723.986 1813.683
8 13 708.389 1781.239
8 14 707.26 1781.344
8 15 710.831 1784.064
8 16 708.974 1782.95
8 17 713.33 1787.977
8 18 710.149 1783.877
8 19 731.902 1797.509
8 20 713.574 1787.233
8 22 711.759 1827.377
9 1 707.1 1782.684
9 2 710.417 1782.838
9 3 712.545 1784.764
9 4 708.576 1782.116
9 5 713.74 1784.123
9 6 719.792 1788.616
9 7 700.785 1779.261
9 8 711.208 1784.92
9 9 713.09 1785.02
9 10 712.495 1783.739
9 11 711.361 1784.302
9 12 724.532 1813.352
9 13 708.301 1781.328
9 14 707.319 1781.297
9 15 710.778 1784.031
9 16 708.939 1782.936
9 17 712.971 1787.644
9 18 710.126 1783.865
9 19 731.902 1797.509
9 20 713.167 1786.937
9 22 712.114 1826.917
10 1 707.094 1782.663
10 2 710.388 1782.859
10 3 712.545 1784.764
10 4 708.445 1782.166
10 5 713.74 1784.123
10 6 719.184 1788.254
10 7 701.441 1779.429
10 8 711.166 1784.932
10 9 713.101 1785.006
10 10 712.495 1783.739
10 11 711.34 1784.298
10 12 725.079 1813.02
10 13 708.212 1781.416
10 14 707.197 1781.356
10 15 710.733 1783.984
10 16 708.903 1782.922
10 17 712.61 1787.313
10 18 710.103 1783.853
10 19 731.902 1797.509
10 20 712.76 1786.641
10 22 712.469 1826.456
11 1 707.087 1782.642
11 2 710.212 1782.843
11 3 712.545 1784.764
11 4 708.471 1782.123
11 5 713.74 1784.123
11 6 718.576 1787.892
11 7 702.083 1779.641
11 8 711.124 1784.942
11 9 713.112 1784.991
11 11 711.319 1784.293
11 12 725.625 1812.689
11 13 708.123 1781.505
11 14 707.076 1781.414
11 15 710.681 1783.947
11 16 708.867 1782.908
11 17 712.249 1786.983
11 18 710.035 1783.8
11 19 731.902 1797.509
11 20 712.353 1786.346
12 1 707.059 1782.65
12 2 710.279 1782.778
12 3 712.545 1784.764
12 4 708.498 1782.079
12 5 713.74 1784.123
12 6 717.969 1787.531
12 7 702.527 1779.884
12 8 711.082 1784.95
12 9 713.077 1785.038
12 11 711.298 1784.289
12 12 726.171 1812.358
12 13 707.97 1781.658
12 14 706.929 1781.429
12 15 710.659 1783.98
12 16 708.83 1782.903
12 17 712.132 1786.801
12 18 709.966 1783.747
12 19 731.902 1797.509
12 20 712.181 1786.211
13 1 707.03 1782.658
13 2 710.257 1782.799
13 3 712.545 1784.764
13 4 708.498 1782.079
13 5 713.74 1784.123
13 6 717.361 1787.169
13 7 703.034 1780.126
13 8 711.074 1784.917
13 9 713.041 1785.085
13 11 711.241 1784.369
13 12 726.717 1812.027
13 13 707.817 1781.811
13 14 706.781 1781.444
13 15 710.659 1783.98
13 16 708.794 1782.898
13 17 712.077 1786.762
13 18 709.897 1783.694
13 19 731.902 1797.509
13 20 712.008 1786.076
14 1 707.002 1782.666
14 2 710.234 1782.821
14 3 712.545 1784.764
14 4 708.498 1782.079
14 5 713.74 1784.123
14 6 716.755 1786.808
14 7 703.549 1780.348
14 8 711.066 1784.884
14 11 711.185 1784.448
14 12 727.263 1811.696
14 13 707.664 1781.964
14 14 706.75 1781.448
14 15 710.679 1783.962
14 16 708.758 1782.893
14 17 712.076 1786.791
14 18 709.829 1783.641
14 19 731.902 1797.509
14 20 711.836 1785.942
15 1 706.973 1782.674
15 2 710.212 1782.843
15 3 712.545 1784.764
15 4 708.498 1782.079
15 5 713.74 1784.123
15 6 716.333 1786.513
15 7 704.074 1780.55
15 8 711.058 1784.851
15 11 711.129 1784.528
15 12 727.809 1811.364
15 13 707.664 1781.964
15 14 706.718 1781.451
15 15 710.639 1783.951
15 16 708.722 1782.889
15 17 712.074 1786.82
15 18 709.852 1783.658
15 20 711.702 1785.899
16 1 706.945 1782.683
16 2 710.212 1782.843
16 3 712.545 1784.764
16 5 713.74 1784.123
16 6 715.912 1786.218
16 7 704.606 1780.73
16 11 711.129 1784.528
16 12 728.099 1811.339
16 13 707.664 1781.964
16 14 706.663 1781.423
16 15 710.646 1783.946
16 16 708.685 1782.884
16 17 712.082 1786.788
16 18 709.875 1783.676
16 20 711.568 1785.857
17 1 706.911 1782.647
17 2 710.212 1782.843
17 3 712.545 1784.764
17 6 715.492 1785.922
17 7 705.17 1780.725
17 11 711.129 1784.528
17 12 728.901 1810.702
17 13 707.664 1781.964
17 14 706.608 1781.395
17 15 710.653 1783.942
17 16 708.649 1782.879
17 17 712.082 1786.788
17 18 709.897 1783.694
17 20 711.435 1785.814
18 1 706.876 1782.612
18 2 710.212 1782.843
18 6 715.071 1785.627
18 7 705.71 1780.708
18 11 711.129 1784.528
18 12 729.549 1810.249
18 13 707.664 1781.964
18 14 706.688 1781.497
18 15 710.679 1783.962
18 16 708.613 1782.874
18 18 709.92 1783.711
19 1 706.842 1782.576
19 6 714.651 1785.333
19 7 706.25 1780.691
19 12 730.197 1809.796
19 13 707.664 1781.964
19 14 706.769 1781.598
19 16 708.576 1782.87
19 18 709.92 1783.711
20 1 706.808 1782.541
20 7 706.904 1780.712
20 12 730.76 1809.445
20 13 707.664 1781.964
20 14 706.85 1781.7
20 16 708.54 1782.865
21 1 706.808 1782.541
21 7 707.547 1780.839
21 12 731.323 1809.093
21 13 707.664 1781.964
21 14 706.67 1781.765
22 7 708.16 1781.068
22 12 731.913 1808.849
22 14 706.49 1781.831
23 12 732.504 1808.603
23 14 706.31 1781.896
24 12 733.094 1808.358
