0 1 1522.748 1222.59
0 2 1515.058 1208.723
0 3 1484.678 1155.766
0 4 1496.947 1239.48
0 5 1511.8 1234.765
0 6 1521.131 1231.812
0 7 1514.297 1235.206
0 8 1500.34 1216.118
0 9 1499.331 1220.945
0 10 1519.161 1229.973
0 11 1499.883 1241.658
0 12 1516.427 1232.818
0 13 1462.096 1152.011
0 14 1523.99 1222.806
0 15 1489.077 1226.904
0 16 1500.281 1254.003
0 17 1526.52 1231.648
0 18 1496.651 1237.462
0 19 1502.898 1214.297
0 20 1509.721 1233.904
0 21 1492.431 1211.623
0 22 1491.024 1229.966
0 23 1512.017 1233.859
0 24 1474.43 1122.841
0 25 1458.41 1091.567
0 26 1540.579 1247.3
0 27 1541.918 1253.863
0 28 1460.406 1095.548
0 29 1501.648 1223.73
0 30 1537.237 1232.948
0 31 1509.496 1234.971
0 32 1513.859 1233.335
0 33 1506.296 1237.829
0 34 1511.113 1208.915
0 35 1489.164 1156.927
0 36 1502.15 1220.634
0 37 1536.195 1208.89
0 38 1534.467 1227.36
0 39 1499.397 1250.707
0 40 1492.476 1163.189
0 41 1517.858 1233.851
0 42 1496.326 1240.229
0 43 1498.324 1251.826
0 44 1510.926 1212.103
0 45 1500.431 1216.913
0 46 1508.267 1236.997
0 47 1509.564 1236.471
0 48 1495.833 1237.945
0 49 1508.7 1238.309
0 50 1489.534 1153.765
0 51 1510.102 1232.593
0 52 1516.893 1233.524
0 53 1498.803 1244.402
0 54 1459.121 1093.631
1 1 1522.824 1222.641
1 2 1515.476 1209.984
1 3 1484.917 1154.448
1 4 1496.634 1238.44
1 5 1510.551 1235.078
1 6 1522.155 1230.986
1 7 1513.164 1235.907
1 8 1499.142 1216.56
1 9 1498.724 1221.946
1 10 1520.266 1229.647
1 11 1499.647 1242.652
1 12 1515.453 1233.353
1 13 1461.69 1151.05
1 14 1524.026 1222.707
1 15 1490.025 1226.408
1 16 1500.084 1252.469
1 17 1527.394 1232.463
1 18 1496.902 1236.318
1 19 1501.993 1214.641
1 20 1508.287 1234.481
1 21 1491.718 1210.318
1 22 1490.651 1229.241
1 23 1511.026 1234.492
1 24 1474.762 1123.872
1 25 1459.06 1092.566
1 26 1540.559 1246.25
1 27 1541.773 1252.531
1 28 1460.88 1096.699
1 29 1501.359 1225.073
1 30 1537.321 1234.192
1 31 1508.297 1235.463
1 32 1512.851 1233.968
1 33 1505.472 1238.702
1 34 1512.328 1208.397
1 35 1489.139 1158.313
1 36 1501.741 1221.744
1 37 1534.661 1209.193
1 38 1534.504 1227.397
1 39 1499.22 1249.339
1 40 1493.316 1164.065
1 41 1518.481 1233.121
1 42 1496.061 1239.192
1 43 1498.908 1251.734
1 44 1510.307 1213.007
1 45 1499.194 1217.418
1 46 1507.259 1237.648
1 47 1508.537 1237.172
1 48 1495.68 1236.697
1 49 1507.963 1238.974
1 50 1489.947 1154.926
1 51 1508.833 1233.313
1 52 1515.895 1233.986
1 53 1499.388 1245.032
1 54 1458.223 1092.541
2 1 1522.824 1222.641
2 2 1515.59 1210.318
2 3 1485.024 1153.819
2 4 1496.58 1238.225
2 5 1509.927 1235.233
2 6 1522.695 1230.536
2 7 1512.598 1236.257
2 8 1498.645 1216.696
2 9 1498.491 1222.495
2 10 1520.817 1229.484
2 11 1499.635 1243.065
2 12 1514.966 1233.62
2 13 1461.466 1150.518
2 14 1524.057 1222.726
2 15 1490.357 1226.09
2 16 1499.985 1251.703
2 17 1527.778 1232.921
2 18 1497.114 1235.815
2 19 1501.541 1214.813
2 20 1507.458 1234.784
2 21 1491.361 1209.664
2 22 1490.529 1228.851
2 23 1510.531 1234.808
2 24 1474.925 1124.348
2 26 1540.521 1245.602
2 27 1541.679 1251.87
2 29 1501.289 1225.828
2 30 1537.365 1234.813
2 31 1507.74 1235.665
2 32 1512.348 1234.285
2 33 1505.077 1239.239
2 34 1512.939 1208.008
2 35 1489.135 1158.855
2 36 1501.557 1222.198
2 37 1533.858 1209.332
2 38 1534.522 1227.416
2 39 1499.146 1248.651
2 40 1493.718 1164.52
2 41 1519.192 1232.944
2 42 1496.036 1238.978
2 43 1499.251 1251.584
2 44 1509.989 1213.261
2 45 1498.709 1217.645
2 46 1506.876 1238.011
2 47 1508.094 1237.608
2 48 1495.603 1236.073
2 49 1507.535 1239.651
2 50 1490.164 1155.538
2 51 1508.203 1233.617
2 52 1515.397 1234.217
2 53 1499.679 1245.347
3 1 1522.824 1222.641
3 2 1515.633 1210.417
3 3 1485.11 1153.208
3 4 1496.525 1238.01
3 5 1509.298 1235.391
3 6 1523.137 1230.116
3 7 1512.019 1236.597
3 8 1498.147 1216.833
3 9 1498.306 1223.066
3 10 1521.37 1229.322
3 11 1499.49 1243.454
3 12 1514.258 1234.009
3 13 1461.223 1150.0
3 14 1524.088 1222.745
3 15 1490.448 1225.4
3 16 1499.887 1250.935
3 17 1527.953 1233.448
3 18 1497.323 1235.053
3 19 1501.089 1214.985
3 20 1506.685 1235.032
3 21 1491.004 1209.011
3 22 1490.451 1228.449
3 23 1510.051 1235.246
3 24 1475.088 1124.823
3 26 1540.483 1244.954
3 27 1541.646 1251.113
3 29 1501.219 1226.584
3 30 1537.596 1235.353
3 31 1507.176 1235.848
3 32 1511.837 1234.569
3 33 1504.729 1239.799
3 34 1513.502 1207.512
3 35 1489.091 1159.4
3 36 1501.261 1222.904
3 37 1533.349 1209.397
3 38 1534.504 1227.405
3 39 1499.079 1247.98
3 40 1494.109 1164.985
3 41 1519.777 1232.588
3 42 1496.012 1238.763
3 43 1499.651 1251.534
3 44 1509.478 1213.615
3 45 1498.222 1217.873
3 46 1506.537 1238.416
3 47 1507.705 1238.094
3 48 1495.41 1235.442
3 49 1507.231 1240.2
3 50 1490.405 1156.215
3 51 1507.535 1233.827
3 52 1514.898 1234.448
3 53 1499.494 1245.837
4 1 1522.775 1222.685
4 2 1515.558 1210.269
4 3 1485.196 1152.597
4 4 1496.47 1237.795
4 5 1508.541 1235.581
4 6 1523.568 1229.684
4 7 1511.439 1236.938
4 8 1497.607 1217.266
4 9 1498.183 1223.827
4 10 1521.923 1229.159
4 11 1499.38 1243.855
4 12 1513.791 1234.168
4 13 1460.979 1149.477
4 14 1524.033 1222.754
4 15 1490.365 1224.682
4 16 1499.606 1250.144
4 17 1528.129 1233.975
4 18 1497.348 1234.327
4 19 1500.636 1215.158
4 20 1505.854 1235.178
4 21 1490.647 1208.357
4 22 1490.48 1228.106
4 23 1509.649 1235.757
4 24 1475.251 1125.299
4 26 1540.423 1244.411
4 27 1541.603 1250.47
4 29 1501.148 1227.34
4 30 1537.66 1236.001
4 31 1506.383 1235.852
4 32 1511.201 1234.89
4 33 1504.553 1240.369
4 34 1513.988 1207.095
4 35 1489.087 1159.948
4 36 1500.963 1223.614
4 37 1532.581 1209.491
4 38 1534.487 1227.393
4 39 1498.786 1247.399
4 40 1494.164 1165.561
4 41 1520.308 1232.178
4 42 1495.844 1238.546
4 43 1499.96 1251.644
4 44 1508.976 1213.983
4 45 1497.743 1217.986
4 46 1506.264 1238.945
4 47 1507.314 1238.652
4 48 1495.216 1234.811
4 49 1506.957 1240.757
4 50 1490.62 1156.821
4 51 1506.843 1233.937
4 52 1514.339 1234.691
4 53 1499.576 1246.235
5 1 1522.775 1222.685
5 2 1515.526 1210.285
5 3 1485.297 1151.952
5 4 1496.474 1237.808
5 5 1508.049 1235.86
5 6 1524.181 1229.343
5 7 1510.859 1237.278
5 8 1497.221 1217.448
5 9 1498.168 1224.361
5 10 1522.475 1228.996
5 11 1499.305 1244.264
5 12 1513.242 1234.379
5 13 1460.735 1148.955
5 14 1523.978 1222.763
5 15 1490.078 1224.35
5 16 1499.325 1249.354
5 17 1528.304 1234.502
5 18 1497.43 1233.601
5 19 1500.184 1215.33
5 20 1505.038 1235.392
5 21 1490.29 1207.704
5 22 1490.484 1227.759
5 23 1509.055 1236.202
5 24 1475.483 1125.892
5 26 1540.363 1243.869
5 27 1541.56 1249.828
5 29 1501.078 1228.096
5 30 1537.929 1236.412
5 31 1505.954 1235.909
5 32 1510.567 1235.212
5 33 1504.346 1240.929
5 34 1514.278 1206.442
5 35 1489.151 1160.487
5 36 1500.805 1224.213
5 37 1531.852 1209.586
5 38 1534.469 1227.382
5 39 1498.494 1246.818
5 40 1494.218 1166.135
5 41 1520.631 1231.787
5 42 1495.676 1238.329
5 43 1500.319 1251.944
5 44 1508.486 1214.364
5 45 1497.235 1218.295
5 46 1505.992 1239.473
5 47 1507.03 1239.115
5 48 1495.022 1234.18
5 49 1506.792 1241.263
5 50 1490.838 1157.433
5 51 1506.013 1233.927
5 52 1513.782 1234.933
5 53 1499.665 1246.55
6 1 1522.65 1222.615
6 2 1515.494 1210.302
6 3 1485.397 1151.307
6 4 1496.433 1237.839
6 5 1507.319 1235.964
6 6 1524.617 1228.873
6 7 1510.257 1237.586
6 8 1496.805 1217.546
6 9 1498.175 1225.028
6 10 1522.871 1228.874
6 11 1499.265 1244.68
6 12 1512.513 1234.707
6 13 1460.49 1148.431
6 14 1523.923 1222.772
6 15 1489.627 1223.53
6 16 1499.042 1248.56
6 17 1528.413 1234.981
6 18 1497.247 1232.849
6 19 1499.729 1215.503
6 20 1504.239 1235.675
6 21 1489.933 1207.049
6 22 1490.462 1227.416
6 23 1508.424 1236.603
6 24 1475.672 1126.355
6 26 1540.133 1243.32
6 27 1541.407 1249.167
6 29 1500.903 1228.767
6 30 1538.271 1236.769
6 31 1505.008 1235.844
6 32 1509.928 1235.535
6 33 1503.951 1241.315
6 34 1514.267 1205.786
6 35 1489.247 1161.009
6 36 1500.646 1224.814
6 37 1531.028 1209.699
6 38 1534.451 1227.371
6 39 1498.2 1246.234
6 40 1494.272 1166.709
6 41 1520.938 1231.382
6 42 1495.507 1238.111
6 43 1500.795 1252.246
6 44 1508.003 1214.762
6 45 1496.759 1218.437
6 46 1505.597 1239.99
6 47 1506.693 1239.617
6 48 1494.828 1233.545
6 49 1506.651 1241.775
6 50 1491.107 1157.978
6 51 1505.188 1233.795
6 52 1513.206 1235.199
6 53 1499.741 1247.004
7 1 1522.556 1222.577
7 2 1515.462 1210.318
7 3 1485.487 1150.661
7 4 1496.392 1237.869
7 5 1506.677 1236.31
7 6 1525.041 1228.466
7 7 1509.519 1237.698
7 8 1496.444 1217.76
7 9 1498.235 1225.584
7 10 1523.236 1228.69
7 11 1499.302 1245.151
7 12 1512.082 1234.941
7 13 1460.294 1147.885
7 14 1523.872 1222.779
7 15 1489.345 1222.999
7 16 1498.763 1247.773
7 17 1528.304 1235.758
7 18 1497.309 1232.22
7 19 1499.278 1215.675
7 20 1503.511 1235.857
7 21 1489.575 1206.395
7 22 1490.493 1227.353
7 23 1507.772 1236.951
7 24 1475.884 1126.849
7 26 1539.856 1242.768
7 27 1541.251 1248.514
7 29 1500.986 1229.527
7 30 1538.667 1237.054
7 31 1504.332 1235.447
7 32 1509.296 1235.855
7 33 1503.803 1241.573
7 34 1514.182 1205.112
7 35 1489.353 1161.5
7 36 1500.419 1225.467
7 37 1530.213 1209.81
7 38 1534.261 1227.435
7 39 1497.909 1245.657
7 40 1494.471 1167.151
7 41 1521.225 1230.967
7 42 1495.448 1237.899
7 43 1500.791 1252.862
7 44 1507.537 1215.169
7 45 1496.415 1218.649
7 46 1505.206 1240.501
7 47 1506.327 1240.186
7 48 1494.56 1232.989
7 49 1506.534 1242.293
7 50 1491.376 1158.524
7 51 1504.399 1233.547
7 52 1512.542 1235.548
7 53 1499.58 1247.385
8 1 1522.553 1222.59
8 2 1515.356 1210.349
8 3 1485.534 1149.975
8 4 1496.221 1237.686
8 5 1505.979 1236.537
8 6 1525.513 1228.063
8 7 1508.97 1238.085
8 8 1496.134 1218.044
8 9 1498.22 1226.288
8 10 1523.568 1228.445
8 11 1499.368 1245.621
8 12 1511.602 1235.154
8 13 1460.099 1147.34
8 14 1523.822 1222.787
8 15 1489.049 1222.336
8 16 1498.573 1247.043
8 17 1528.412 1236.26
8 18 1497.371 1231.588
8 19 1498.826 1215.847
8 20 1502.854 1236.179
8 21 1489.218 1205.742
8 22 1490.519 1227.287
8 23 1507.111 1237.348
8 24 1476.097 1127.342
8 27 1541.087 1247.858
8 29 1501.071 1230.291
8 30 1539.084 1237.027
8 31 1504.037 1235.197
8 32 1508.66 1236.176
8 33 1503.64 1241.822
8 34 1514.083 1204.452
8 35 1489.393 1161.713
8 36 1500.192 1226.121
8 37 1529.474 1209.902
8 38 1534.279 1227.405
8 39 1497.815 1245.02
8 40 1494.693 1167.64
8 41 1521.714 1230.462
8 42 1495.391 1237.252
8 43 1500.738 1253.476
8 44 1507.202 1215.539
8 45 1496.168 1218.8
8 46 1504.993 1241.044
8 47 1505.96 1240.758
8 48 1494.291 1232.43
8 49 1506.744 1242.834
8 50 1491.6 1158.969
8 51 1503.594 1233.19
8 52 1511.969 1235.856
8 53 1499.722 1247.786
9 1 1522.55 1222.603
9 2 1515.269 1210.428
9 3 1485.581 1149.289
9 4 1496.013 1237.366
9 5 1505.248 1236.505
9 6 1526.147 1227.607
9 7 1508.432 1238.485
9 8 1495.852 1218.357
9 9 1498.365 1226.82
9 10 1524.06 1228.2
9 11 1499.556 1245.986
9 12 1511.122 1235.366
9 13 1459.858 1146.785
9 14 1523.771 1222.795
9 15 1488.81 1222.046
9 16 1498.384 1246.314
9 17 1528.521 1236.762
9 18 1497.705 1231.042
9 19 1498.357 1216.172
9 20 1502.443 1236.706
9 21 1488.862 1205.089
9 22 1490.541 1227.22
9 23 1506.507 1237.826
9 24 1476.311 1127.785
9 27 1540.916 1247.207
9 29 1501.112 1231.061
9 31 1503.508 1234.836
9 32 1508.005 1236.562
9 33 1503.463 1242.062
9 34 1513.852 1203.827
9 35 1489.431 1161.915
9 36 1500.02 1226.737
9 37 1528.736 1209.994
9 38 1534.296 1227.374
9 39 1497.721 1244.386
9 40 1494.915 1168.131
9 41 1522.083 1230.035
9 42 1495.334 1236.606
9 43 1501.304 1254.109
9 44 1506.839 1215.996
9 45 1496.04 1219.108
9 46 1504.781 1241.585
9 47 1505.794 1241.416
9 48 1494.007 1231.923
9 49 1506.621 1243.523
9 50 1491.871 1159.631
9 51 1503.21 1232.606
9 52 1511.357 1236.132
9 53 1499.864 1248.185
10 1 1522.605 1222.761
10 2 1515.277 1210.415
10 3 1485.717 1148.602
10 4 1495.38 1236.813
10 5 1504.32 1236.38
10 6 1526.525 1227.241
10 7 1507.907 1238.903
10 8 1495.596 1218.627
10 9 1498.373 1227.255
10 10 1524.567 1227.985
10 11 1499.497 1246.431
10 12 1510.36 1235.707
10 13 1459.618 1146.23
10 14 1523.639 1222.796
10 15 1488.469 1221.284
10 16 1497.972 1245.475
10 17 1528.382 1237.353
10 18 1497.624 1230.235
10 19 1497.849 1216.216
10 20 1501.767 1236.909
10 21 1488.625 1204.672
10 22 1490.596 1227.147
10 23 1505.968 1238.377
10 24 1476.525 1128.227
10 27 1540.736 1246.557
10 29 1500.942 1231.716
10 31 1502.709 1234.288
10 32 1507.43 1236.922
10 33 1502.998 1242.445
10 34 1513.716 1203.151
10 35 1489.47 1162.123
10 36 1499.849 1227.352
10 37 1528.011 1210.121
10 38 1534.244 1227.38
10 39 1497.628 1243.75
10 40 1495.161 1168.674
10 41 1522.257 1229.762
10 42 1494.969 1235.855
10 43 1501.539 1254.751
10 44 1506.496 1216.366
10 45 1495.849 1219.366
10 46 1504.518 1241.959
10 47 1505.695 1242.087
10 48 1493.724 1231.416
10 49 1506.47 1244.051
10 50 1492.209 1160.158
10 51 1502.647 1232.079
10 52 1510.745 1236.408
10 53 1500.005 1248.585
11 1 1522.476 1222.621
11 2 1515.286 1210.403
11 3 1485.848 1147.945
11 4 1495.372 1236.229
11 5 1503.789 1236.382
11 6 1527.106 1227.042
11 7 1507.382 1239.322
11 8 1495.369 1218.922
11 9 1498.534 1227.774
11 10 1525.137 1227.606
11 11 1499.379 1246.865
11 12 1509.84 1236.043
11 13 1459.377 1145.675
11 14 1523.668 1222.787
11 15 1488.295 1220.681
11 16 1498.009 1244.813
11 17 1528.588 1237.871
11 18 1497.773 1229.579
11 19 1497.373 1216.574
11 20 1501.486 1237.322
11 21 1488.27 1204.039
11 22 1490.652 1227.074
11 23 1505.747 1239.047
11 24 1476.739 1128.669
11 27 1540.548 1245.909
11 29 1500.939 1232.502
11 31 1502.364 1233.73
11 32 1507.088 1237.316
11 33 1502.533 1242.828
11 34 1513.579 1202.475
11 36 1499.703 1227.863
11 37 1527.279 1210.208
11 38 1534.23 1227.411
11 39 1497.534 1243.114
11 40 1495.385 1169.109
11 41 1522.72 1229.332
11 42 1494.798 1235.278
11 43 1501.555 1255.297
11 44 1506.152 1216.737
11 45 1495.928 1219.401
11 46 1504.255 1242.333
11 47 1505.662 1242.766
11 48 1493.44 1230.907
11 49 1506.449 1244.672
11 50 1492.466 1160.657
11 51 1502.083 1231.55
11 52 1510.25 1236.779
11 53 1500.148 1248.986
12 1 1522.438 1222.525
12 2 1515.312 1210.405
12 3 1485.965 1147.327
12 4 1494.867 1235.587
12 5 1503.143 1236.048
12 6 1527.718 1227.008
12 7 1507.039 1239.774
12 8 1495.146 1219.145
12 9 1498.349 1228.302
12 10 1525.654 1227.507
12 11 1499.204 1247.279
12 12 1509.32 1236.38
12 13 1459.136 1145.119
12 14 1523.696 1222.779
12 15 1488.121 1220.079
12 16 1497.69 1243.908
12 17 1528.794 1238.389
12 18 1497.683 1228.769
12 19 1496.863 1216.693
12 20 1501.24 1237.757
12 21 1487.953 1203.399
12 22 1490.707 1227.001
12 23 1505.374 1239.497
12 27 1540.354 1245.263
12 29 1500.988 1233.137
12 31 1502.019 1233.171
12 32 1506.627 1237.818
12 33 1502.303 1243.329
12 34 1513.291 1201.793
12 36 1499.557 1228.373
12 37 1526.66 1210.316
12 38 1534.187 1227.506
12 39 1497.383 1242.377
12 40 1495.517 1169.585
12 41 1523.183 1228.901
12 42 1494.627 1234.703
12 43 1501.571 1255.843
12 44 1505.808 1217.108
12 45 1495.694 1219.634
12 46 1504.056 1242.584
12 47 1505.591 1243.451
12 48 1493.245 1230.588
12 49 1506.312 1245.187
12 50 1492.767 1161.226
12 51 1501.682 1230.903
12 52 1509.706 1237.035
12 53 1500.18 1249.274
13 1 1522.603 1222.824
13 2 1515.338 1210.406
13 3 1486.043 1146.724
13 4 1494.361 1234.945
13 5 1502.547 1235.565
13 6 1528.308 1227.48
13 7 1506.535 1240.036
13 8 1494.898 1219.392
13 9 1498.112 1228.889
13 10 1526.177 1227.444
13 11 1499.095 1247.724
13 12 1508.932 1236.571
13 13 1458.896 1144.565
13 14 1523.691 1222.844
13 15 1487.947 1219.476
13 16 1497.37 1243.002
13 17 1529.0 1238.906
13 18 1497.876 1228.188
13 19 1496.476 1216.835
13 20 1500.718 1238.125
13 21 1487.62 1202.586
13 22 1490.617 1226.774
13 23 1504.973 1239.96
13 27 1540.155 1244.618
13 29 1500.832 1233.842
13 31 1501.361 1232.838
13 32 1506.182 1238.268
13 33 1502.107 1243.843
13 34 1513.053 1201.138
13 36 1499.449 1228.907
13 37 1526.041 1210.424
13 38 1534.145 1227.602
13 39 1497.232 1241.639
13 40 1495.782 1170.065
13 41 1523.784 1228.572
13 42 1494.456 1234.127
13 44 1505.464 1217.479
13 45 1495.435 1219.894
13 46 1503.857 1242.835
13 47 1505.588 1244.14
13 48 1493.049 1230.268
13 49 1506.471 1245.915
13 50 1493.069 1161.796
13 51 1501.305 1230.278
13 52 1509.174 1237.285
13 53 1500.213 1249.562
14 1 1522.574 1222.896
14 2 1515.369 1210.437
14 3 1486.221 1146.034
14 4 1493.92 1234.488
14 5 1502.012 1235.044
14 6 1529.122 1227.431
14 7 1506.031 1240.475
14 8 1494.65 1219.64
14 9 1497.85 1229.369
14 10 1526.703 1227.417
14 11 1498.843 1248.139
14 12 1508.32 1236.816
14 13 1458.655 1144.01
14 14 1523.687 1222.909
14 15 1487.773 1218.874
14 16 1496.972 1242.051
14 17 1529.265 1239.668
14 18 1497.858 1227.381
14 19 1496.093 1216.986
14 20 1500.225 1238.475
14 21 1487.309 1201.954
14 22 1490.467 1226.414
14 23 1504.573 1240.423
14 27 1539.953 1243.973
14 29 1500.734 1234.541
14 31 1501.045 1232.475
14 32 1505.694 1238.697
14 33 1501.946 1244.369
14 34 1512.815 1200.483
14 36 1499.178 1229.551
14 37 1525.422 1210.532
14 38 1534.102 1227.698
14 39 1497.081 1240.901
14 40 1496.047 1170.545
14 41 1524.175 1228.288
14 42 1494.125 1233.636
14 44 1505.173 1217.975
14 45 1495.176 1220.153
14 46 1503.512 1243.284
14 47 1505.463 1244.795
14 48 1492.854 1229.948
14 49 1506.479 1246.464
14 50 1493.329 1162.454
14 51 1500.853 1229.733
14 52 1508.652 1237.552
14 53 1500.245 1249.85
15 1 1522.545 1222.968
15 2 1515.391 1210.448
15 3 1486.399 1145.345
15 4 1493.431 1233.913
15 5 1501.396 1234.399
15 6 1529.704 1227.721
15 7 1505.538 1240.923
15 9 1497.644 1229.847
15 10 1527.071 1227.108
15 11 1498.436 1248.567
15 12 1507.76 1237.208
15 13 1458.415 1143.455
15 14 1523.682 1222.974
15 15 1487.729 1218.376
15 16 1496.573 1241.098
15 17 1529.377 1240.302
15 18 1497.819 1226.624
15 19 1495.629 1217.002
15 20 1499.651 1238.719
15 21 1486.995 1201.316
15 22 1490.437 1226.149
15 23 1504.172 1240.887
15 27 1539.752 1243.328
15 29 1500.758 1235.27
15 31 1500.337 1231.944
15 32 1505.339 1239.088
15 33 1501.832 1244.85
15 34 1512.577 1199.827
15 36 1499.29 1230.066
15 37 1524.798 1210.646
15 38 1534.059 1227.794
15 39 1496.665 1240.106
15 40 1496.312 1171.025
15 41 1524.294 1227.969
15 42 1493.822 1233.023
15 44 1505.02 1218.333
15 46 1503.34 1243.766
15 47 1505.318 1245.29
15 48 1492.617 1229.603
15 49 1506.487 1247.013
15 50 1493.589 1163.112
15 51 1500.507 1229.149
15 52 1508.195 1237.831
15 53 1499.991 1250.126
16 1 1522.66 1222.887
16 2 1515.41 1210.402
16 3 1486.515 1144.866
16 5 1501.0 1234.018
16 6 1530.388 1227.889
16 7 1505.044 1241.371
16 9 1497.209 1230.284
16 11 1498.243 1248.89
16 12 1507.514 1237.422
16 13 1458.174 1142.899
16 14 1523.694 1222.987
16 15 1487.661 1218.054
16 16 1496.363 1240.36
16 17 1529.49 1240.936
16 18 1497.762 1225.933
16 19 1495.343 1217.43
16 20 1499.196 1238.958
16 21 1486.681 1200.678
16 22 1490.506 1225.735
16 23 1503.833 1241.407
16 27 1539.572 1242.609
16 29 1500.782 1235.999
16 31 1499.506 1231.917
16 32 1505.113 1239.616
16 33 1501.869 1245.339
16 34 1512.403 1199.212
16 36 1499.361 1230.353
16 37 1524.175 1210.761
16 38 1534.267 1227.743
16 39 1497.024 1239.708
16 40 1496.577 1171.505
16 41 1524.951 1227.404
16 42 1493.559 1232.725
16 44 1504.716 1218.797
16 46 1503.168 1244.247
16 47 1505.53 1246.049
16 48 1492.38 1229.258
16 49 1506.552 1247.611
16 50 1494.005 1163.686
16 51 1499.978 1228.575
16 52 1507.886 1238.196
16 53 1500.16 1250.477
17 1 1522.776 1222.806
17 2 1515.442 1210.301
17 5 1500.44 1233.628
17 7 1504.415 1241.662
17 12 1507.106 1237.728
17 13 1457.959 1142.356
17 14 1523.706 1222.999
17 15 1487.552 1217.911
17 16 1496.18 1239.708
17 17 1529.602 1241.569
17 18 1497.689 1225.213
17 19 1495.141 1217.904
17 20 1498.83 1239.149
17 21 1486.548 1200.358
17 22 1490.395 1225.232
17 23 1503.462 1241.848
17 27 1539.393 1241.891
17 29 1500.806 1236.726
17 31 1499.234 1231.625
17 32 1504.928 1240.16
17 34 1512.23 1198.6
17 36 1499.324 1230.647
17 39 1496.833 1239.163
17 40 1496.922 1171.95
17 41 1525.351 1226.952
17 42 1493.247 1232.588
17 44 1504.412 1219.26
17 46 1503.01 1244.662
17 47 1505.649 1246.616
17 48 1492.144 1228.914
17 50 1494.349 1164.243
17 51 1499.542 1227.997
17 52 1507.52 1238.43
17 53 1500.329 1250.827
18 2 1515.464 1210.261
18 5 1499.872 1233.178
18 7 1503.788 1242.08
18 12 1506.803 1237.997
18 13 1457.744 1141.813
18 15 1487.382 1217.716
18 16 1495.998 1239.056
18 17 1529.914 1242.031
18 18 1497.616 1224.493
18 20 1498.24 1239.395
18 22 1490.296 1224.779
18 27 1539.214 1241.174
18 29 1500.739 1237.412
18 31 1498.744 1231.298
18 32 1504.417 1240.665
18 34 1511.955 1197.81
18 36 1499.115 1231.006
18 39 1496.724 1238.876
18 40 1497.267 1172.396
18 42 1492.899 1232.377
18 44 1504.241 1219.593
18 46 1502.851 1245.076
18 47 1505.714 1247.049
18 48 1491.839 1228.509
18 50 1494.692 1164.8
18 51 1499.251 1227.581
18 52 1507.158 1238.708
18 53 1500.566 1251.14
19 2 1515.45 1210.305
19 5 1499.362 1232.773
19 7 1503.246 1242.487
19 12 1506.432 1238.301
19 15 1487.229 1217.541
19 16 1495.834 1238.47
19 17 1530.194 1242.447
19 18 1497.517 1223.902
19 20 1497.925 1239.551
19 22 1490.186 1224.276
19 27 1539.053 1240.529
19 29 1500.591 1237.937
19 31 1498.303 1231.004
19 32 1504.056 1240.961
19 34 1511.691 1197.252
19 36 1498.905 1231.365
19 39 1496.738 1238.518
19 40 1497.458 1172.781
19 44 1504.029 1220.042
19 46 1502.618 1245.521
19 47 1505.642 1247.593
19 48 1491.564 1228.145
19 50 1494.88 1165.44
19 51 1498.798 1227.222
19 52 1506.854 1238.983
19 53 1500.779 1251.422
20 2 1515.44 1210.355
20 7 1502.67 1242.973
20 12 1506.034 1238.805
20 15 1487.059 1217.346
20 16 1495.589 1238.121
20 18 1497.393 1223.249
20 20 1497.57 1239.689
20 22 1490.105 1223.809
20 27 1538.875 1239.812
20 29 1500.537 1238.535
20 31 1497.813 1230.678
20 32 1503.655 1241.291
20 34 1511.398 1196.633
20 36 1498.673 1231.763
20 40 1497.65 1173.167
20 44 1503.794 1220.541
20 46 1502.246 1246.143
20 47 1505.545 1248.342
20 48 1491.259 1227.74
20 52 1506.738 1239.207
20 53 1501.015 1251.735
21 2 1515.443 1210.224
21 12 1505.884 1239.01
21 15 1486.889 1217.151
21 16 1495.344 1237.772
21 18 1497.261 1222.596
21 20 1497.219 1239.839
21 22 1490.015 1223.293
21 27 1538.696 1239.094
21 31 1497.322 1230.351
21 32 1503.254 1241.62
21 34 1511.163 1196.047
21 36 1498.465 1232.12
21 40 1497.977 1173.693
21 44 1503.701 1220.876
21 48 1490.954 1227.335
21 52 1506.622 1239.431
21 53 1501.097 1251.989
22 2 1515.43 1210.079
22 15 1486.701 1216.935
22 16 1495.07 1237.481
22 18 1497.114 1221.874
22 22 1489.934 1222.831
22 27 1538.498 1238.3
22 31 1496.78 1229.99
22 34 1510.747 1195.285
22 36 1498.408 1232.415
22 40 1498.304 1174.218
22 53 1501.188 1252.27
23 2 1515.405 1209.951
23 15 1486.379 1216.569
23 16 1494.824 1237.221
23 18 1496.933 1221.313
23 22 1489.853 1222.365
23 31 1496.294 1229.666
23 34 1510.425 1194.649
24 15 1485.939 1215.993
24 16 1494.576 1236.958
24 22 1489.617 1221.755
24 31 1495.815 1229.523
24 34 1510.101 1194.007
25 15 1485.595 1215.659
25 22 1489.527 1221.408
25 31 1495.336 1229.379
25 34 1509.918 1193.35
26 15 1485.294 1214.972
26 22 1489.437 1221.061
26 31 1494.856 1229.235
26 34 1509.633 1192.708
27 15 1484.993 1214.284
27 31 1494.376 1229.091
27 34 1509.347 1192.067
28 15 1484.692 1213.597
28 31 1493.98 1228.854
28 34 1509.062 1191.426
29 15 1484.391 1212.911
29 31 1493.491 1228.621
29 34 1508.776 1190.785
30 31 1493.317 1228.686
30 34 1508.624 1190.145
31 34 1508.354 1189.535
32 34 1508.083 1188.925
33 34 1507.812 1188.316
